{
  "model": "1b",
  "model_name": "allenai/OLMo-2-0425-1B",
  "model_family": "olmo",
  "n_layers": 16,
  "d_model": 2048,
  "k": 10,
  "checkpoints": {
    "0": {
      "overlap_matrix": [
        [
          1.0,
          0.059107013046741486,
          0.062135450541973114,
          0.0658443421125412,
          0.05365978553891182,
          0.06604928523302078,
          0.06163991615176201,
          0.0497979000210762,
          0.0538879930973053,
          0.055339884012937546,
          0.06116674095392227,
          0.06063117831945419,
          0.0637473538517952,
          0.058863263577222824,
          0.06163991615176201,
          0.0497979000210762
        ],
        [
          0.059107013046741486,
          1.0,
          0.05889121815562248,
          0.05532228946685791,
          0.06504236161708832,
          0.056519318372011185,
          0.061243750154972076,
          0.05245023965835571,
          0.05769988149404526,
          0.061881404370069504,
          0.057592589408159256,
          0.053814031183719635,
          0.05576636269688606,
          0.0528017096221447,
          0.061243750154972076,
          0.05245023965835571
        ],
        [
          0.062135450541973114,
          0.05889121815562248,
          1.0,
          0.06001097708940506,
          0.0618797168135643,
          0.062213290482759476,
          0.057536154985427856,
          0.06384687125682831,
          0.05884750932455063,
          0.058348149061203,
          0.056490760296583176,
          0.06348438560962677,
          0.06291888654232025,
          0.05460149794816971,
          0.057536154985427856,
          0.06384687125682831
        ],
        [
          0.0658443421125412,
          0.05532228946685791,
          0.06001097708940506,
          1.0,
          0.058553408831357956,
          0.0604734942317009,
          0.05999090522527695,
          0.06008719280362129,
          0.06156434491276741,
          0.058088868856430054,
          0.0537952296435833,
          0.061062686145305634,
          0.06338762491941452,
          0.05455676466226578,
          0.05999090522527695,
          0.06008719280362129
        ],
        [
          0.05365978553891182,
          0.06504236161708832,
          0.0618797168135643,
          0.058553408831357956,
          1.0,
          0.05599188059568405,
          0.058355581015348434,
          0.05291181057691574,
          0.061552993953228,
          0.051971614360809326,
          0.05189536139369011,
          0.05800453573465347,
          0.06083349138498306,
          0.06352701038122177,
          0.058355581015348434,
          0.05291181057691574
        ],
        [
          0.06604928523302078,
          0.056519318372011185,
          0.062213290482759476,
          0.0604734942317009,
          0.05599188059568405,
          1.0,
          0.05609915778040886,
          0.05992763116955757,
          0.0535951629281044,
          0.06078752875328064,
          0.054224781692028046,
          0.058347124606370926,
          0.05344945937395096,
          0.06358318775892258,
          0.05609915778040886,
          0.05992763116955757
        ],
        [
          0.06163991615176201,
          0.061243750154972076,
          0.057536154985427856,
          0.05999090522527695,
          0.058355581015348434,
          0.05609915778040886,
          1.0,
          0.07020574063062668,
          0.0547819621860981,
          0.05914446711540222,
          0.05434606596827507,
          0.05490996316075325,
          0.06419696658849716,
          0.06323530524969101,
          1.0,
          0.07020574063062668
        ],
        [
          0.0497979000210762,
          0.05245023965835571,
          0.06384687125682831,
          0.06008719280362129,
          0.05291181057691574,
          0.05992763116955757,
          0.07020574063062668,
          1.0,
          0.058457084000110626,
          0.056597430258989334,
          0.0620226189494133,
          0.05503075569868088,
          0.06240926310420036,
          0.0584293007850647,
          0.07020574063062668,
          1.0
        ],
        [
          0.0538879930973053,
          0.05769988149404526,
          0.05884750932455063,
          0.06156434491276741,
          0.061552993953228,
          0.0535951629281044,
          0.0547819621860981,
          0.058457084000110626,
          1.0,
          0.05393373221158981,
          0.04958721995353699,
          0.05718162655830383,
          0.05706062912940979,
          0.06350313127040863,
          0.0547819621860981,
          0.058457084000110626
        ],
        [
          0.055339884012937546,
          0.061881404370069504,
          0.058348149061203,
          0.058088868856430054,
          0.051971614360809326,
          0.06078752875328064,
          0.05914446711540222,
          0.056597430258989334,
          0.05393373221158981,
          1.0,
          0.05606298893690109,
          0.05768793076276779,
          0.05909550189971924,
          0.05697380378842354,
          0.05914446711540222,
          0.056597430258989334
        ],
        [
          0.06116674095392227,
          0.057592589408159256,
          0.056490760296583176,
          0.0537952296435833,
          0.05189536139369011,
          0.054224781692028046,
          0.05434606596827507,
          0.0620226189494133,
          0.04958721995353699,
          0.05606298893690109,
          1.0,
          0.05947662144899368,
          0.06555482000112534,
          0.05212255194783211,
          0.05434606596827507,
          0.0620226189494133
        ],
        [
          0.06063117831945419,
          0.053814031183719635,
          0.06348438560962677,
          0.061062686145305634,
          0.05800453573465347,
          0.058347124606370926,
          0.05490996316075325,
          0.05503075569868088,
          0.05718162655830383,
          0.05768793076276779,
          0.05947662144899368,
          1.0,
          0.05352355167269707,
          0.05846424028277397,
          0.05490996316075325,
          0.05503075569868088
        ],
        [
          0.0637473538517952,
          0.05576636269688606,
          0.06291888654232025,
          0.06338762491941452,
          0.06083349138498306,
          0.05344945937395096,
          0.06419696658849716,
          0.06240926310420036,
          0.05706062912940979,
          0.05909550189971924,
          0.06555482000112534,
          0.05352355167269707,
          1.0,
          0.06021854281425476,
          0.06419696658849716,
          0.06240926310420036
        ],
        [
          0.058863263577222824,
          0.0528017096221447,
          0.05460149794816971,
          0.05455676466226578,
          0.06352701038122177,
          0.06358318775892258,
          0.06323530524969101,
          0.0584293007850647,
          0.06350313127040863,
          0.05697380378842354,
          0.05212255194783211,
          0.05846424028277397,
          0.06021854281425476,
          1.0,
          0.06323530524969101,
          0.0584293007850647
        ],
        [
          0.06163991615176201,
          0.061243750154972076,
          0.057536154985427856,
          0.05999090522527695,
          0.058355581015348434,
          0.05609915778040886,
          1.0,
          0.07020574063062668,
          0.0547819621860981,
          0.05914446711540222,
          0.05434606596827507,
          0.05490996316075325,
          0.06419696658849716,
          0.06323530524969101,
          1.0,
          0.07020574063062668
        ],
        [
          0.0497979000210762,
          0.05245023965835571,
          0.06384687125682831,
          0.06008719280362129,
          0.05291181057691574,
          0.05992763116955757,
          0.07020574063062668,
          1.0,
          0.058457084000110626,
          0.056597430258989334,
          0.0620226189494133,
          0.05503075569868088,
          0.06240926310420036,
          0.0584293007850647,
          0.07020574063062668,
          1.0
        ]
      ]
    },
    "1000": {
      "overlap_matrix": [
        [
          1.0,
          0.07248303294181824,
          0.07222061604261398,
          0.06787264347076416,
          0.06505079567432404,
          0.06148601695895195,
          0.06653772294521332,
          0.058532483875751495,
          0.057686012238264084,
          0.05879265069961548,
          0.062218524515628815,
          0.05795133113861084,
          0.06003455072641373,
          0.0586252398788929,
          0.06310410052537918,
          0.05456458404660225
        ],
        [
          0.07248303294181824,
          1.0,
          0.07124070823192596,
          0.06756218522787094,
          0.06761090457439423,
          0.06300785392522812,
          0.07326671481132507,
          0.06646919995546341,
          0.06297361850738525,
          0.05989857763051987,
          0.06895099580287933,
          0.05585926026105881,
          0.059393029659986496,
          0.06082902476191521,
          0.06954430788755417,
          0.05832884460687637
        ],
        [
          0.07222061604261398,
          0.07124070823192596,
          1.0,
          0.07833297550678253,
          0.07411560416221619,
          0.07865196466445923,
          0.06713075190782547,
          0.06821535527706146,
          0.06638083606958389,
          0.05660884827375412,
          0.06897589564323425,
          0.06319952011108398,
          0.0649363249540329,
          0.0642339438199997,
          0.06772555410861969,
          0.07095438987016678
        ],
        [
          0.06787264347076416,
          0.06756218522787094,
          0.07833297550678253,
          1.0,
          0.07693000882863998,
          0.06817083060741425,
          0.06795252859592438,
          0.07372884452342987,
          0.07654374837875366,
          0.06797266751527786,
          0.059399593621492386,
          0.07448674738407135,
          0.07193832099437714,
          0.062051016837358475,
          0.07644917815923691,
          0.06648208200931549
        ],
        [
          0.06505079567432404,
          0.06761090457439423,
          0.07411560416221619,
          0.07693000882863998,
          1.0,
          0.06824179738759995,
          0.07553961127996445,
          0.06782718002796173,
          0.06703239679336548,
          0.06583327800035477,
          0.06164176017045975,
          0.07040424644947052,
          0.07689560949802399,
          0.07107080519199371,
          0.07235588133335114,
          0.07361488789319992
        ],
        [
          0.06148601695895195,
          0.06300785392522812,
          0.07865196466445923,
          0.06817083060741425,
          0.06824179738759995,
          1.0,
          0.07878212630748749,
          0.07753007113933563,
          0.0671924501657486,
          0.06517915427684784,
          0.06693314760923386,
          0.06845754384994507,
          0.07115501165390015,
          0.07150967419147491,
          0.06462337076663971,
          0.06906579434871674
        ],
        [
          0.06653772294521332,
          0.07326671481132507,
          0.06713075190782547,
          0.06795252859592438,
          0.07553961127996445,
          0.07878212630748749,
          1.0,
          0.08833344280719757,
          0.07374003529548645,
          0.07145354151725769,
          0.07301465421915054,
          0.07388286292552948,
          0.07215769588947296,
          0.07347223162651062,
          0.6530801057815552,
          0.08308803290128708
        ],
        [
          0.058532483875751495,
          0.06646919995546341,
          0.06821535527706146,
          0.07372884452342987,
          0.06782718002796173,
          0.07753007113933563,
          0.08833344280719757,
          1.0,
          0.08042488992214203,
          0.06856708228588104,
          0.08177945017814636,
          0.07568519562482834,
          0.08026228845119476,
          0.07620001584291458,
          0.07324666529893875,
          0.6007696986198425
        ],
        [
          0.057686012238264084,
          0.06297361850738525,
          0.06638083606958389,
          0.07654374837875366,
          0.06703239679336548,
          0.0671924501657486,
          0.07374003529548645,
          0.08042488992214203,
          1.0,
          0.08573997765779495,
          0.0881025642156601,
          0.08978082239627838,
          0.08328444510698318,
          0.09722374379634857,
          0.09726576507091522,
          0.08774460852146149
        ],
        [
          0.05879265069961548,
          0.05989857763051987,
          0.05660884827375412,
          0.06797266751527786,
          0.06583327800035477,
          0.06517915427684784,
          0.07145354151725769,
          0.06856708228588104,
          0.08573997765779495,
          1.0,
          0.10443594306707382,
          0.10055284202098846,
          0.09977568686008453,
          0.11301247775554657,
          0.090688057243824,
          0.08844313025474548
        ],
        [
          0.062218524515628815,
          0.06895099580287933,
          0.06897589564323425,
          0.059399593621492386,
          0.06164176017045975,
          0.06693314760923386,
          0.07301465421915054,
          0.08177945017814636,
          0.0881025642156601,
          0.10443594306707382,
          1.0,
          0.12937140464782715,
          0.13126437366008759,
          0.12465852499008179,
          0.12329908460378647,
          0.12256292998790741
        ],
        [
          0.05795133113861084,
          0.05585926026105881,
          0.06319952011108398,
          0.07448674738407135,
          0.07040424644947052,
          0.06845754384994507,
          0.07388286292552948,
          0.07568519562482834,
          0.08978082239627838,
          0.10055284202098846,
          0.12937140464782715,
          1.0,
          0.1429515779018402,
          0.14021167159080505,
          0.14526017010211945,
          0.12268465757369995
        ],
        [
          0.06003455072641373,
          0.059393029659986496,
          0.0649363249540329,
          0.07193832099437714,
          0.07689560949802399,
          0.07115501165390015,
          0.07215769588947296,
          0.08026228845119476,
          0.08328444510698318,
          0.09977568686008453,
          0.13126437366008759,
          0.1429515779018402,
          1.0,
          0.169663205742836,
          0.14604222774505615,
          0.14242902398109436
        ],
        [
          0.0586252398788929,
          0.06082902476191521,
          0.0642339438199997,
          0.062051016837358475,
          0.07107080519199371,
          0.07150967419147491,
          0.07347223162651062,
          0.07620001584291458,
          0.09722374379634857,
          0.11301247775554657,
          0.12465852499008179,
          0.14021167159080505,
          0.169663205742836,
          1.0,
          0.17122624814510345,
          0.1720508486032486
        ],
        [
          0.06310410052537918,
          0.06954430788755417,
          0.06772555410861969,
          0.07644917815923691,
          0.07235588133335114,
          0.06462337076663971,
          0.6530801057815552,
          0.07324666529893875,
          0.09726576507091522,
          0.090688057243824,
          0.12329908460378647,
          0.14526017010211945,
          0.14604222774505615,
          0.17122624814510345,
          1.0,
          0.17756544053554535
        ],
        [
          0.05456458404660225,
          0.05832884460687637,
          0.07095438987016678,
          0.06648208200931549,
          0.07361488789319992,
          0.06906579434871674,
          0.08308803290128708,
          0.6007696986198425,
          0.08774460852146149,
          0.08844313025474548,
          0.12256292998790741,
          0.12268465757369995,
          0.14242902398109436,
          0.1720508486032486,
          0.17756544053554535,
          1.0
        ]
      ]
    },
    "2000": {
      "overlap_matrix": [
        [
          1.0,
          0.09788704663515091,
          0.07441510260105133,
          0.07243303954601288,
          0.06903213262557983,
          0.07074536383152008,
          0.07922327518463135,
          0.0739307627081871,
          0.07384642958641052,
          0.08659417927265167,
          0.08606778085231781,
          0.07909414172172546,
          0.08305274695158005,
          0.0877157598733902,
          0.07771361619234085,
          0.08113516867160797
        ],
        [
          0.09788704663515091,
          1.0,
          0.10239563882350922,
          0.08176289498806,
          0.07135487347841263,
          0.07572771608829498,
          0.07016295194625854,
          0.06901423633098602,
          0.07459493726491928,
          0.07542642951011658,
          0.07515453547239304,
          0.06801919639110565,
          0.06887095421552658,
          0.08138711750507355,
          0.07733825594186783,
          0.0751650407910347
        ],
        [
          0.07441510260105133,
          0.10239563882350922,
          1.0,
          0.10590507835149765,
          0.07376529276371002,
          0.07645605504512787,
          0.08642052114009857,
          0.08210552483797073,
          0.0770648941397667,
          0.07181794941425323,
          0.07305705547332764,
          0.07677949965000153,
          0.08235988765954971,
          0.0794743150472641,
          0.08226320147514343,
          0.08716799318790436
        ],
        [
          0.07243303954601288,
          0.08176289498806,
          0.10590507835149765,
          1.0,
          0.09855615347623825,
          0.08354116231203079,
          0.08428531885147095,
          0.08353789150714874,
          0.08531586825847626,
          0.08263473212718964,
          0.09074608981609344,
          0.08930124342441559,
          0.09397390484809875,
          0.08556539565324783,
          0.09301649034023285,
          0.09296296536922455
        ],
        [
          0.06903213262557983,
          0.07135487347841263,
          0.07376529276371002,
          0.09855615347623825,
          1.0,
          0.10354623943567276,
          0.09478160738945007,
          0.08232901245355606,
          0.08502611517906189,
          0.07439470291137695,
          0.07950549572706223,
          0.07860545814037323,
          0.0835360437631607,
          0.08096993714570999,
          0.0851413682103157,
          0.08195607364177704
        ],
        [
          0.07074536383152008,
          0.07572771608829498,
          0.07645605504512787,
          0.08354116231203079,
          0.10354623943567276,
          1.0,
          0.12530574202537537,
          0.10443959385156631,
          0.0992494449019432,
          0.10918595641851425,
          0.10430999845266342,
          0.08845426142215729,
          0.08804728090763092,
          0.07790215313434601,
          0.08735276013612747,
          0.09812355041503906
        ],
        [
          0.07922327518463135,
          0.07016295194625854,
          0.08642052114009857,
          0.08428531885147095,
          0.09478160738945007,
          0.12530574202537537,
          1.0,
          0.15463364124298096,
          0.14348484575748444,
          0.1390853226184845,
          0.14940813183784485,
          0.1286088526248932,
          0.1229909285902977,
          0.11690088361501694,
          0.17925937473773956,
          0.13196460902690887
        ],
        [
          0.0739307627081871,
          0.06901423633098602,
          0.08210552483797073,
          0.08353789150714874,
          0.08232901245355606,
          0.10443959385156631,
          0.15463364124298096,
          1.0,
          0.1953098624944687,
          0.17172403633594513,
          0.17286697030067444,
          0.14718477427959442,
          0.14334408938884735,
          0.13254666328430176,
          0.13911035656929016,
          0.19613587856292725
        ],
        [
          0.07384642958641052,
          0.07459493726491928,
          0.0770648941397667,
          0.08531586825847626,
          0.08502611517906189,
          0.0992494449019432,
          0.14348484575748444,
          0.1953098624944687,
          1.0,
          0.23678913712501526,
          0.23452076315879822,
          0.20392124354839325,
          0.20547747611999512,
          0.18088969588279724,
          0.18395017087459564,
          0.18304666876792908
        ],
        [
          0.08659417927265167,
          0.07542642951011658,
          0.07181794941425323,
          0.08263473212718964,
          0.07439470291137695,
          0.10918595641851425,
          0.1390853226184845,
          0.17172403633594513,
          0.23678913712501526,
          1.0,
          0.3064085841178894,
          0.26174196600914,
          0.24364981055259705,
          0.21547222137451172,
          0.22586826980113983,
          0.2394954413175583
        ],
        [
          0.08606778085231781,
          0.07515453547239304,
          0.07305705547332764,
          0.09074608981609344,
          0.07950549572706223,
          0.10430999845266342,
          0.14940813183784485,
          0.17286697030067444,
          0.23452076315879822,
          0.3064085841178894,
          1.0,
          0.38939806818962097,
          0.3654358685016632,
          0.3141714632511139,
          0.3402544856071472,
          0.3400368094444275
        ],
        [
          0.07909414172172546,
          0.06801919639110565,
          0.07677949965000153,
          0.08930124342441559,
          0.07860545814037323,
          0.08845426142215729,
          0.1286088526248932,
          0.14718477427959442,
          0.20392124354839325,
          0.26174196600914,
          0.38939806818962097,
          1.0,
          0.41398149728775024,
          0.35426968336105347,
          0.35586175322532654,
          0.3263225257396698
        ],
        [
          0.08305274695158005,
          0.06887095421552658,
          0.08235988765954971,
          0.09397390484809875,
          0.0835360437631607,
          0.08804728090763092,
          0.1229909285902977,
          0.14334408938884735,
          0.20547747611999512,
          0.24364981055259705,
          0.3654358685016632,
          0.41398149728775024,
          1.0,
          0.3872503936290741,
          0.3716299533843994,
          0.34339237213134766
        ],
        [
          0.0877157598733902,
          0.08138711750507355,
          0.0794743150472641,
          0.08556539565324783,
          0.08096993714570999,
          0.07790215313434601,
          0.11690088361501694,
          0.13254666328430176,
          0.18088969588279724,
          0.21547222137451172,
          0.3141714632511139,
          0.35426968336105347,
          0.3872503936290741,
          1.0,
          0.4014168679714203,
          0.37333035469055176
        ],
        [
          0.07771361619234085,
          0.07733825594186783,
          0.08226320147514343,
          0.09301649034023285,
          0.0851413682103157,
          0.08735276013612747,
          0.17925937473773956,
          0.13911035656929016,
          0.18395017087459564,
          0.22586826980113983,
          0.3402544856071472,
          0.35586175322532654,
          0.3716299533843994,
          0.4014168679714203,
          1.0,
          0.4986497461795807
        ],
        [
          0.08113516867160797,
          0.0751650407910347,
          0.08716799318790436,
          0.09296296536922455,
          0.08195607364177704,
          0.09812355041503906,
          0.13196460902690887,
          0.19613587856292725,
          0.18304666876792908,
          0.2394954413175583,
          0.3400368094444275,
          0.3263225257396698,
          0.34339237213134766,
          0.37333035469055176,
          0.4986497461795807,
          1.0
        ]
      ]
    },
    "3000": {
      "overlap_matrix": [
        [
          1.0,
          0.10655511915683746,
          0.08500420302152634,
          0.07533267885446548,
          0.06733818352222443,
          0.061971306800842285,
          0.07207463681697845,
          0.06472793966531754,
          0.06159811466932297,
          0.07246531546115875,
          0.06713712215423584,
          0.07067646086215973,
          0.06952270865440369,
          0.07188604772090912,
          0.06701599061489105,
          0.06710316985845566
        ],
        [
          0.10655511915683746,
          1.0,
          0.12300930917263031,
          0.09846075624227524,
          0.07904516905546188,
          0.07113863527774811,
          0.07806292176246643,
          0.06210228055715561,
          0.06181691214442253,
          0.06973741948604584,
          0.07039918750524521,
          0.06803174316883087,
          0.06784083694219589,
          0.07029448449611664,
          0.07296536862850189,
          0.07608173787593842
        ],
        [
          0.08500420302152634,
          0.12300930917263031,
          1.0,
          0.1442306935787201,
          0.09834391623735428,
          0.1041395291686058,
          0.1046748012304306,
          0.08570694923400879,
          0.0894332304596901,
          0.08447583764791489,
          0.08409018814563751,
          0.09748784452676773,
          0.08222614228725433,
          0.07252265512943268,
          0.07373230904340744,
          0.07846847921609879
        ],
        [
          0.07533267885446548,
          0.09846075624227524,
          0.1442306935787201,
          1.0,
          0.17191295325756073,
          0.11602620035409927,
          0.12459006160497665,
          0.11845312267541885,
          0.11016702651977539,
          0.0976598709821701,
          0.10229883342981339,
          0.10184472799301147,
          0.09493977576494217,
          0.09219499677419662,
          0.07979021221399307,
          0.08972287178039551
        ],
        [
          0.06733818352222443,
          0.07904516905546188,
          0.09834391623735428,
          0.17191295325756073,
          1.0,
          0.16794461011886597,
          0.1492030918598175,
          0.15579459071159363,
          0.14113345742225647,
          0.13310672342777252,
          0.1289312094449997,
          0.11751852929592133,
          0.10126020759344101,
          0.08667223155498505,
          0.09024785459041595,
          0.11302409321069717
        ],
        [
          0.061971306800842285,
          0.07113863527774811,
          0.1041395291686058,
          0.11602620035409927,
          0.16794461011886597,
          1.0,
          0.20764577388763428,
          0.20393621921539307,
          0.20647434890270233,
          0.19661471247673035,
          0.194859579205513,
          0.17876344919204712,
          0.14281348884105682,
          0.12571077048778534,
          0.10736227035522461,
          0.1307884156703949
        ],
        [
          0.07207463681697845,
          0.07806292176246643,
          0.1046748012304306,
          0.12459006160497665,
          0.1492030918598175,
          0.20764577388763428,
          1.0,
          0.27010267972946167,
          0.2647891342639923,
          0.24029183387756348,
          0.2537674307823181,
          0.21606627106666565,
          0.18877671658992767,
          0.1544038951396942,
          0.15425822138786316,
          0.158931702375412
        ],
        [
          0.06472793966531754,
          0.06210228055715561,
          0.08570694923400879,
          0.11845312267541885,
          0.15579459071159363,
          0.20393621921539307,
          0.27010267972946167,
          1.0,
          0.37608590722084045,
          0.30463701486587524,
          0.3220478892326355,
          0.28781259059906006,
          0.24031305313110352,
          0.1943565011024475,
          0.1638295203447342,
          0.20822174847126007
        ],
        [
          0.06159811466932297,
          0.06181691214442253,
          0.0894332304596901,
          0.11016702651977539,
          0.14113345742225647,
          0.20647434890270233,
          0.2647891342639923,
          0.37608590722084045,
          1.0,
          0.4127538800239563,
          0.4162222445011139,
          0.38371676206588745,
          0.32483386993408203,
          0.2771361470222473,
          0.22130806744098663,
          0.25392258167266846
        ],
        [
          0.07246531546115875,
          0.06973741948604584,
          0.08447583764791489,
          0.0976598709821701,
          0.13310672342777252,
          0.19661471247673035,
          0.24029183387756348,
          0.30463701486587524,
          0.4127538800239563,
          1.0,
          0.44187912344932556,
          0.4096693992614746,
          0.36432552337646484,
          0.30714136362075806,
          0.2559449374675751,
          0.2964467406272888
        ],
        [
          0.06713712215423584,
          0.07039918750524521,
          0.08409018814563751,
          0.10229883342981339,
          0.1289312094449997,
          0.194859579205513,
          0.2537674307823181,
          0.3220478892326355,
          0.4162222445011139,
          0.44187912344932556,
          1.0,
          0.5264284014701843,
          0.4513685703277588,
          0.3907124102115631,
          0.32354408502578735,
          0.36011067032814026
        ],
        [
          0.07067646086215973,
          0.06803174316883087,
          0.09748784452676773,
          0.10184472799301147,
          0.11751852929592133,
          0.17876344919204712,
          0.21606627106666565,
          0.28781259059906006,
          0.38371676206588745,
          0.4096693992614746,
          0.5264284014701843,
          1.0,
          0.5349951982498169,
          0.45373010635375977,
          0.36489424109458923,
          0.3519533574581146
        ],
        [
          0.06952270865440369,
          0.06784083694219589,
          0.08222614228725433,
          0.09493977576494217,
          0.10126020759344101,
          0.14281348884105682,
          0.18877671658992767,
          0.24031305313110352,
          0.32483386993408203,
          0.36432552337646484,
          0.4513685703277588,
          0.5349951982498169,
          1.0,
          0.5171785950660706,
          0.43301552534103394,
          0.3874451816082001
        ],
        [
          0.07188604772090912,
          0.07029448449611664,
          0.07252265512943268,
          0.09219499677419662,
          0.08667223155498505,
          0.12571077048778534,
          0.1544038951396942,
          0.1943565011024475,
          0.2771361470222473,
          0.30714136362075806,
          0.3907124102115631,
          0.45373010635375977,
          0.5171785950660706,
          1.0,
          0.5222464799880981,
          0.4555099904537201
        ],
        [
          0.06701599061489105,
          0.07296536862850189,
          0.07373230904340744,
          0.07979021221399307,
          0.09024785459041595,
          0.10736227035522461,
          0.15425822138786316,
          0.1638295203447342,
          0.22130806744098663,
          0.2559449374675751,
          0.32354408502578735,
          0.36489424109458923,
          0.43301552534103394,
          0.5222464799880981,
          1.0,
          0.5845674872398376
        ],
        [
          0.06710316985845566,
          0.07608173787593842,
          0.07846847921609879,
          0.08972287178039551,
          0.11302409321069717,
          0.1307884156703949,
          0.158931702375412,
          0.20822174847126007,
          0.25392258167266846,
          0.2964467406272888,
          0.36011067032814026,
          0.3519533574581146,
          0.3874451816082001,
          0.4555099904537201,
          0.5845674872398376,
          1.0
        ]
      ]
    },
    "4000": {
      "overlap_matrix": [
        [
          1.0,
          0.13557377457618713,
          0.09031842648983002,
          0.09061648696660995,
          0.0681157261133194,
          0.06092137098312378,
          0.06566130369901657,
          0.06563831120729446,
          0.06113206595182419,
          0.05903812125325203,
          0.06295273452997208,
          0.061624474823474884,
          0.06714264303445816,
          0.06309246271848679,
          0.06547141075134277,
          0.05470731109380722
        ],
        [
          0.13557377457618713,
          1.0,
          0.14854612946510315,
          0.1034875363111496,
          0.08607550710439682,
          0.07192020118236542,
          0.07608074694871902,
          0.06548693031072617,
          0.05975360423326492,
          0.0676451101899147,
          0.07366086542606354,
          0.0679488405585289,
          0.06993736326694489,
          0.07250206172466278,
          0.07083044946193695,
          0.0755334198474884
        ],
        [
          0.09031842648983002,
          0.14854612946510315,
          1.0,
          0.202449232339859,
          0.1467946469783783,
          0.1392822563648224,
          0.12323087453842163,
          0.1014244556427002,
          0.09346486628055573,
          0.09252835810184479,
          0.09583823382854462,
          0.10159681737422943,
          0.08598551154136658,
          0.07629997283220291,
          0.0738043487071991,
          0.07339418679475784
        ],
        [
          0.09061648696660995,
          0.1034875363111496,
          0.202449232339859,
          1.0,
          0.23478373885154724,
          0.2030775547027588,
          0.20760159194469452,
          0.16508647799491882,
          0.15433502197265625,
          0.12892793118953705,
          0.14865165948867798,
          0.13658098876476288,
          0.11481833457946777,
          0.10388720035552979,
          0.08190269768238068,
          0.09161312878131866
        ],
        [
          0.0681157261133194,
          0.08607550710439682,
          0.1467946469783783,
          0.23478373885154724,
          1.0,
          0.27049073576927185,
          0.2530335783958435,
          0.24257831275463104,
          0.2149917185306549,
          0.1800333559513092,
          0.17992067337036133,
          0.1504313349723816,
          0.1405205875635147,
          0.12300032377243042,
          0.10653632879257202,
          0.11965243518352509
        ],
        [
          0.06092137098312378,
          0.07192020118236542,
          0.1392822563648224,
          0.2030775547027588,
          0.27049073576927185,
          1.0,
          0.31381291151046753,
          0.3353634476661682,
          0.3055476248264313,
          0.2490929663181305,
          0.2615738809108734,
          0.2194327861070633,
          0.1938367784023285,
          0.16260194778442383,
          0.1253436952829361,
          0.1374187022447586
        ],
        [
          0.06566130369901657,
          0.07608074694871902,
          0.12323087453842163,
          0.20760159194469452,
          0.2530335783958435,
          0.31381291151046753,
          1.0,
          0.39656344056129456,
          0.3855660557746887,
          0.30504822731018066,
          0.32114890217781067,
          0.27245599031448364,
          0.23075523972511292,
          0.1903325319290161,
          0.15032784640789032,
          0.1489621251821518
        ],
        [
          0.06563831120729446,
          0.06548693031072617,
          0.1014244556427002,
          0.16508647799491882,
          0.24257831275463104,
          0.3353634476661682,
          0.39656344056129456,
          1.0,
          0.5001747608184814,
          0.3715754449367523,
          0.38860398530960083,
          0.3416059911251068,
          0.2702378034591675,
          0.2251691371202469,
          0.17182625830173492,
          0.19691000878810883
        ],
        [
          0.06113206595182419,
          0.05975360423326492,
          0.09346486628055573,
          0.15433502197265625,
          0.2149917185306549,
          0.3055476248264313,
          0.3855660557746887,
          0.5001747608184814,
          1.0,
          0.465864360332489,
          0.4884539246559143,
          0.4331911504268646,
          0.35287007689476013,
          0.29066646099090576,
          0.20273908972740173,
          0.22533676028251648
        ],
        [
          0.05903812125325203,
          0.0676451101899147,
          0.09252835810184479,
          0.12892793118953705,
          0.1800333559513092,
          0.2490929663181305,
          0.30504822731018066,
          0.3715754449367523,
          0.465864360332489,
          1.0,
          0.5009472966194153,
          0.4671019911766052,
          0.3945483863353729,
          0.3220042586326599,
          0.2339283525943756,
          0.25989222526550293
        ],
        [
          0.06295273452997208,
          0.07366086542606354,
          0.09583823382854462,
          0.14865165948867798,
          0.17992067337036133,
          0.2615738809108734,
          0.32114890217781067,
          0.38860398530960083,
          0.4884539246559143,
          0.5009472966194153,
          1.0,
          0.6009663939476013,
          0.4682701528072357,
          0.3737639784812927,
          0.26942378282546997,
          0.29323911666870117
        ],
        [
          0.061624474823474884,
          0.0679488405585289,
          0.10159681737422943,
          0.13658098876476288,
          0.1504313349723816,
          0.2194327861070633,
          0.27245599031448364,
          0.3416059911251068,
          0.4331911504268646,
          0.4671019911766052,
          0.6009663939476013,
          1.0,
          0.5869107842445374,
          0.47918573021888733,
          0.33270806074142456,
          0.32212498784065247
        ],
        [
          0.06714264303445816,
          0.06993736326694489,
          0.08598551154136658,
          0.11481833457946777,
          0.1405205875635147,
          0.1938367784023285,
          0.23075523972511292,
          0.2702378034591675,
          0.35287007689476013,
          0.3945483863353729,
          0.4682701528072357,
          0.5869107842445374,
          1.0,
          0.5734667181968689,
          0.42811131477355957,
          0.36056992411613464
        ],
        [
          0.06309246271848679,
          0.07250206172466278,
          0.07629997283220291,
          0.10388720035552979,
          0.12300032377243042,
          0.16260194778442383,
          0.1903325319290161,
          0.2251691371202469,
          0.29066646099090576,
          0.3220042586326599,
          0.3737639784812927,
          0.47918573021888733,
          0.5734667181968689,
          1.0,
          0.5556875467300415,
          0.45224690437316895
        ],
        [
          0.06547141075134277,
          0.07083044946193695,
          0.0738043487071991,
          0.08190269768238068,
          0.10653632879257202,
          0.1253436952829361,
          0.15032784640789032,
          0.17182625830173492,
          0.20273908972740173,
          0.2339283525943756,
          0.26942378282546997,
          0.33270806074142456,
          0.42811131477355957,
          0.5556875467300415,
          1.0,
          0.5983222126960754
        ],
        [
          0.05470731109380722,
          0.0755334198474884,
          0.07339418679475784,
          0.09161312878131866,
          0.11965243518352509,
          0.1374187022447586,
          0.1489621251821518,
          0.19691000878810883,
          0.22533676028251648,
          0.25989222526550293,
          0.29323911666870117,
