{
  "model": "bloom-1b1",
  "model_repo": "bigscience/bloom-1b1-intermediate",
  "architecture": {
    "n_layers": 24,
    "d_model": 1536,
    "d_ff": 6144,
    "activation": "gelu",
    "block_ordering": "sequential",
    "positional_encoding": "alibi"
  },
  "k_values": [
    5,
    10,
    50
  ],
  "random_baselines": {
    "5": {
      "mean": 0.04723335953529013,
      "std": 0.006901143797180668
    },
    "10": {
      "mean": 0.06781236019129917,
      "std": 0.004889340886417294
    },
    "50": {
      "mean": 0.15309562325441614,
      "std": 0.0023760127321987372
    }
  },
  "checkpoints": {
    "1000": {
      "pairwise_k5": {
        "matrix": [
          [
            1.0,
            0.6976238489151001,
            0.4346756339073181,
            0.322892963886261,
            0.29654261469841003,
            0.2575158476829529,
            0.19298744201660156,
            0.2021290510892868,
            0.23962144553661346,
            0.21780645847320557,
            0.18142041563987732,
            0.21778567135334015,
            0.2046608030796051,
            0.19465966522693634,
            0.1849081963300705,
            0.1899179071187973,
            0.19523262977600098,
            0.2090463936328888,
            0.1821029931306839,
            0.20591016113758087,
            0.24317872524261475,
            0.2651135325431824,
            0.28732365369796753,
            0.3416694700717926
          ],
          [
            0.6976238489151001,
            1.0,
            0.706692636013031,
            0.5514506697654724,
            0.41765841841697693,
            0.3081916272640228,
            0.2214343249797821,
            0.21063232421875,
            0.2718624472618103,
            0.27285414934158325,
            0.23344986140727997,
            0.26689213514328003,
            0.22416794300079346,
            0.1720844954252243,
            0.1879740059375763,
            0.19180931150913239,
            0.22517123818397522,
            0.20084472000598907,
            0.17755083739757538,
            0.20003625750541687,
            0.26661771535873413,
            0.3156251609325409,
            0.3159741461277008,
            0.3602147698402405
          ],
          [
            0.4346756339073181,
            0.706692636013031,
            1.0,
            0.801013171672821,
            0.48699650168418884,
            0.34535565972328186,
            0.23704859614372253,
            0.23511555790901184,
            0.2871599793434143,
            0.2835725247859955,
            0.2535834312438965,
            0.2706541121006012,
            0.2625364065170288,
            0.18782222270965576,
            0.22001710534095764,
            0.23563964664936066,
            0.24880333244800568,
            0.22896523773670197,
            0.20473900437355042,
            0.22291496396064758,
            0.2995851933956146,
            0.33009323477745056,
            0.3071313798427582,
            0.36327970027923584
          ],
          [
            0.322892963886261,
            0.5514506697654724,
            0.801013171672821,
            1.0,
            0.6416457891464233,
            0.43019065260887146,
            0.2857561707496643,
            0.24938881397247314,
            0.3243274390697479,
            0.30127495527267456,
            0.27715080976486206,
            0.2823861837387085,
            0.2842373549938202,
            0.21334126591682434,
            0.20609641075134277,
            0.19979065656661987,
            0.23102347552776337,
            0.19469131529331207,
            0.19773106276988983,
            0.20151010155677795,
            0.3128092885017395,
            0.32995566725730896,
            0.2867599129676819,
            0.33083921670913696
          ],
          [
            0.29654261469841003,
            0.41765841841697693,
            0.48699650168418884,
            0.6416457891464233,
            1.0,
            0.7307297587394714,
            0.32508015632629395,
            0.2798823416233063,
            0.35866987705230713,
            0.3693418502807617,
            0.3335055410861969,
            0.2874348759651184,
            0.3011927604675293,
            0.2508605122566223,
            0.2223769873380661,
            0.26411592960357666,
            0.2635583281517029,
            0.2104864865541458,
            0.2188303917646408,
            0.2011518031358719,
            0.2893528342247009,
            0.3002845048904419,
            0.3067396581172943,
            0.3352363407611847
          ],
          [
            0.2575158476829529,
            0.3081916272640228,
            0.34535565972328186,
            0.43019065260887146,
            0.7307297587394714,
            1.0,
            0.5206382870674133,
            0.41526347398757935,
            0.4444669783115387,
            0.44357237219810486,
            0.43584030866622925,
            0.3581494092941284,
            0.37703120708465576,
            0.33022981882095337,
            0.29971304535865784,
            0.3258184492588043,
            0.28262680768966675,
            0.24604420363903046,
            0.24512605369091034,
            0.24028798937797546,
            0.2877083420753479,
            0.29998889565467834,
            0.2708478569984436,
            0.2994860112667084
          ],
          [
            0.19298744201660156,
            0.2214343249797821,
            0.23704859614372253,
            0.2857561707496643,
            0.32508015632629395,
            0.5206382870674133,
            1.0,
            0.6424673199653625,
            0.3918873369693756,
            0.3627198338508606,
            0.34310582280158997,
            0.47098392248153687,
            0.46262994408607483,
            0.47478899359703064,
            0.41687431931495667,
            0.3213677406311035,
            0.2796455919742584,
            0.24146457016468048,
            0.24915249645709991,
            0.20717008411884308,
            0.22909322381019592,
            0.2625364065170288,
            0.26673153042793274,
            0.2338947355747223
          ],
          [
            0.2021290510892868,
            0.21063232421875,
            0.23511555790901184,
            0.24938881397247314,
            0.2798823416233063,
            0.41526347398757935,
            0.6424673199653625,
            1.0,
            0.44919252395629883,
            0.38083553314208984,
            0.38673287630081177,
            0.4737069606781006,
            0.5318179726600647,
            0.5328328013420105,
            0.493716299533844,
            0.4247836470603943,
            0.36248767375946045,
            0.29621177911758423,
            0.2849317789077759,
            0.23578202724456787,
            0.22630611062049866,
            0.24368074536323547,
            0.23479922115802765,
            0.20833799242973328
          ],
          [
            0.23962144553661346,
            0.2718624472618103,
            0.2871599793434143,
            0.3243274390697479,
            0.35866987705230713,
            0.4444669783115387,
            0.3918873369693756,
            0.44919252395629883,
            1.0,
            0.6844654679298401,
            0.5819401741027832,
            0.4540555477142334,
            0.4143437445163727,
            0.3581022024154663,
            0.3486654460430145,
            0.31934988498687744,
            0.2609045207500458,
            0.25890836119651794,
            0.28240153193473816,
            0.27590274810791016,
            0.2826014757156372,
            0.3074633777141571,
            0.32356682419776917,
            0.33444732427597046
          ],
          [
            0.21780645847320557,
            0.27285414934158325,
            0.2835725247859955,
            0.30127495527267456,
            0.3693418502807617,
            0.44357237219810486,
            0.3627198338508606,
            0.38083553314208984,
            0.6844654679298401,
            1.0,
            0.8191644549369812,
            0.5343221426010132,
            0.5028618574142456,
            0.4057835638523102,
            0.35991302132606506,
            0.32118934392929077,
            0.2632119953632355,
            0.24504320323467255,
            0.28223997354507446,
            0.2910556495189667,
            0.3336706757545471,
            0.3084065616130829,
            0.3409845530986786,
            0.3450363278388977
          ],
          [
            0.18142041563987732,
            0.23344986140727997,
            0.2535834312438965,
            0.27715080976486206,
            0.3335055410861969,
            0.43584030866622925,
            0.34310582280158997,
            0.38673287630081177,
            0.5819401741027832,
            0.8191644549369812,
            1.0,
            0.6322998404502869,
            0.5544191598892212,
            0.45649728178977966,
            0.40235280990600586,
            0.3626953065395355,
            0.30369991064071655,
            0.2786005139350891,
            0.311079204082489,
            0.29368987679481506,
            0.32712283730506897,
            0.3102150559425354,
            0.31144410371780396,
            0.3069611191749573
          ],
          [
            0.21778567135334015,
            0.26689213514328003,
            0.2706541121006012,
            0.2823861837387085,
            0.2874348759651184,
            0.3581494092941284,
            0.47098392248153687,
            0.4737069606781006,
            0.4540555477142334,
            0.5343221426010132,
            0.6322998404502869,
            1.0,
            0.8360940217971802,
            0.6880086064338684,
            0.49951013922691345,
            0.4214452803134918,
            0.3132489323616028,
            0.29800063371658325,
            0.2945669889450073,
            0.2836425006389618,
            0.2824840247631073,
            0.2808595895767212,
            0.29180529713630676,
            0.2853320240974426
          ],
          [
            0.2046608030796051,
            0.22416794300079346,
            0.2625364065170288,
            0.2842373549938202,
            0.3011927604675293,
            0.37703120708465576,
            0.46262994408607483,
            0.5318179726600647,
            0.4143437445163727,
            0.5028618574142456,
            0.5544191598892212,
            0.8360940217971802,
            1.0,
            0.8075355291366577,
            0.6077224612236023,
            0.49707192182540894,
            0.3542756736278534,
            0.319184273481369,
            0.296951025724411,
            0.3026513457298279,
            0.284585177898407,
            0.31839391589164734,
            0.29164209961891174,
            0.29601314663887024
          ],
          [
            0.19465966522693634,
            0.1720844954252243,
            0.18782222270965576,
            0.21334126591682434,
            0.2508605122566223,
            0.33022981882095337,
            0.47478899359703064,
            0.5328328013420105,
            0.3581022024154663,
            0.4057835638523102,
            0.45649728178977966,
            0.6880086064338684,
            0.8075355291366577,
            1.0,
            0.7484877109527588,
            0.5400189161300659,
            0.45127710700035095,
            0.3657534122467041,
            0.37098121643066406,
            0.29805243015289307,
            0.2781234383583069,
            0.27681273221969604,
            0.2276277095079422,
            0.25333139300346375
          ],
          [
            0.1849081963300705,
            0.1879740059375763,
            0.22001710534095764,
            0.20609641075134277,
            0.2223769873380661,
            0.29971304535865784,
            0.41687431931495667,
            0.493716299533844,
            0.3486654460430145,
            0.35991302132606506,
            0.40235280990600586,
            0.49951013922691345,
            0.6077224612236023,
            0.7484877109527588,
            1.0,
            0.6532559394836426,
            0.6119154691696167,
            0.5220235586166382,
            0.4108462929725647,
            0.359383761882782,
            0.27953410148620605,
            0.29256948828697205,
            0.24743112921714783,
            0.272745281457901
          ],
          [
            0.1899179071187973,
            0.19180931150913239,
            0.23563964664936066,
            0.19979065656661987,
            0.26411592960357666,
            0.3258184492588043,
            0.3213677406311035,
            0.4247836470603943,
            0.31934988498687744,
            0.32118934392929077,
            0.3626953065395355,
            0.4214452803134918,
            0.49707192182540894,
            0.5400189161300659,
            0.6532559394836426,
            1.0,
            0.723710298538208,
            0.6724292039871216,
            0.5787649750709534,
            0.4337712228298187,
            0.35982465744018555,
            0.3460550010204315,
            0.28185537457466125,
            0.3093506693840027
          ],
          [
            0.19523262977600098,
            0.22517123818397522,
            0.24880333244800568,
            0.23102347552776337,
            0.2635583281517029,
            0.28262680768966675,
            0.2796455919742584,
            0.36248767375946045,
            0.2609045207500458,
            0.2632119953632355,
            0.30369991064071655,
            0.3132489323616028,
            0.3542756736278534,
            0.45127710700035095,
            0.6119154691696167,
            0.723710298538208,
            1.0,
            0.7112562656402588,
            0.607994556427002,
            0.4640764594078064,
            0.3996802270412445,
            0.386590838432312,
            0.31571638584136963,
            0.3473513424396515
          ],
          [
            0.2090463936328888,
            0.20084472000598907,
            0.22896523773670197,
            0.19469131529331207,
            0.2104864865541458,
            0.24604420363903046,
            0.24146457016468048,
            0.29621177911758423,
            0.25890836119651794,
            0.24504320323467255,
            0.2786005139350891,
            0.29800063371658325,
            0.319184273481369,
            0.3657534122467041,
            0.5220235586166382,
            0.6724292039871216,
            0.7112562656402588,
            1.0,
            0.7635055780410767,
            0.569529116153717,
            0.48206648230552673,
            0.4288974702358246,
            0.3773784041404724,
            0.3963041603565216
          ],
          [
            0.1821029931306839,
            0.17755083739757538,
            0.20473900437355042,
            0.19773106276988983,
            0.2188303917646408,
            0.24512605369091034,
            0.24915249645709991,
            0.2849317789077759,
            0.28240153193473816,
            0.28223997354507446,
            0.311079204082489,
            0.2945669889450073,
            0.296951025724411,
            0.37098121643066406,
            0.4108462929725647,
            0.5787649750709534,
            0.607994556427002,
            0.7635055780410767,
            1.0,
            0.7298187017440796,
            0.5414638519287109,
            0.4479850232601166,
            0.3729228675365448,
            0.3492451012134552
          ],
          [
            0.20591016113758087,
            0.20003625750541687,
            0.22291496396064758,
            0.20151010155677795,
            0.2011518031358719,
            0.24028798937797546,
            0.20717008411884308,
            0.23578202724456787,
            0.27590274810791016,
            0.2910556495189667,
            0.29368987679481506,
            0.2836425006389618,
            0.3026513457298279,
            0.29805243015289307,
            0.359383761882782,
            0.4337712228298187,
            0.4640764594078064,
            0.569529116153717,
            0.7298187017440796,
            1.0,
            0.6035270690917969,
            0.540458619594574,
            0.41310256719589233,
            0.3691558539867401
          ],
          [
            0.24317872524261475,
            0.26661771535873413,
            0.2995851933956146,
            0.3128092885017395,
            0.2893528342247009,
            0.2877083420753479,
            0.22909322381019592,
            0.22630611062049866,
            0.2826014757156372,
            0.3336706757545471,
            0.32712283730506897,
            0.2824840247631073,
            0.284585177898407,
            0.2781234383583069,
            0.27953410148620605,
            0.35982465744018555,
            0.3996802270412445,
            0.48206648230552673,
            0.5414638519287109,
            0.6035270690917969,
            1.0,
            0.7712386846542358,
            0.5876237154006958,
            0.45271944999694824
          ],
          [
            0.2651135325431824,
            0.3156251609325409,
            0.33009323477745056,
            0.32995566725730896,
            0.3002845048904419,
            0.29998889565467834,
            0.2625364065170288,
            0.24368074536323547,
            0.3074633777141571,
            0.3084065616130829,
            0.3102150559425354,
            0.2808595895767212,
            0.31839391589164734,
            0.27681273221969604,
            0.29256948828697205,
            0.3460550010204315,
            0.386590838432312,
            0.4288974702358246,
            0.4479850232601166,
            0.540458619594574,
            0.7712386846542358,
            1.0,
            0.7828173637390137,
            0.6285622715950012
          ],
          [
            0.28732365369796753,
            0.3159741461277008,
            0.3071313798427582,
            0.2867599129676819,
            0.3067396581172943,
            0.2708478569984436,
            0.26673153042793274,
            0.23479922115802765,
            0.32356682419776917,
            0.3409845530986786,
            0.31144410371780396,
            0.29180529713630676,
            0.29164209961891174,
            0.2276277095079422,
            0.24743112921714783,
            0.28185537457466125,
            0.31571638584136963,
            0.3773784041404724,
            0.3729228675365448,
            0.41310256719589233,
            0.5876237154006958,
            0.7828173637390137,
            1.0,
            0.7376245260238647
          ],
          [
            0.3416694700717926,
            0.3602147698402405,
            0.36327970027923584,
            0.33083921670913696,
            0.3352363407611847,
            0.2994860112667084,
            0.2338947355747223,
            0.20833799242973328,
            0.33444732427597046,
            0.3450363278388977,
            0.3069611191749573,
            0.2853320240974426,
            0.29601314663887024,
            0.25333139300346375,
            0.272745281457901,
            0.3093506693840027,
            0.3473513424396515,
            0.3963041603565216,
            0.3492451012134552,
            0.3691558539867401,
            0.45271944999694824,
            0.6285622715950012,
            0.7376245260238647,
            1.0
          ]
        ],
        "summary": {
          "pairs_above_threshold": 276,
          "total_pairs": 276,
          "frac_above_threshold": 1.0,
          "threshold": 0.15,
          "mean_d1": 0.7041219472885132,
          "mean_d3": 0.43178464827083407,
          "mean_d5": 0.35594341786284195
        }
      },
      "pairwise_k10": {
        "matrix": [
          [
            1.0,
            0.7346634268760681,
            0.5539836287498474,
            0.4727439880371094,
            0.35706931352615356,
            0.27954575419425964,
            0.2602957487106323,
            0.30973634123802185,
            0.27202993631362915,
            0.28873756527900696,
            0.3173617422580719,
            0.34948235750198364,
            0.331358402967453,
            0.291926771402359,
            0.2963201403617859,
            0.2934647798538208,
            0.2623051702976227,
            0.23582220077514648,
            0.2281859666109085,
            0.2489958256483078,
            0.28263935446739197,
            0.28967520594596863,
            0.3319234251976013,
            0.3745713233947754
          ],
          [
            0.7346634268760681,
            1.0,
            0.7617670893669128,
            0.5753604769706726,
            0.4314790666103363,
            0.31246304512023926,
            0.2510109543800354,
            0.30384835600852966,
            0.278507798910141,
            0.277484267950058,
            0.299628347158432,
            0.3166097402572632,
            0.31331032514572144,
            0.26739370822906494,
            0.27113646268844604,
            0.27589142322540283,
            0.2620406746864319,
            0.2425098419189453,
            0.24977295100688934,
            0.25643643736839294,
            0.2915959656238556,
            0.2998436689376831,
            0.33510085940361023,
            0.37961816787719727
          ],
          [
            0.5539836287498474,
            0.7617670893669128,
            1.0,
            0.7754652500152588,
            0.5142104625701904,
            0.35241907835006714,
            0.31223127245903015,
            0.3553090989589691,
            0.3063238263130188,
            0.29608047008514404,
            0.32357296347618103,
            0.3619919419288635,
            0.35731977224349976,
            0.3175963759422302,
            0.3273726999759674,
            0.3040161728858948,
            0.2874625623226166,
            0.2870171368122101,
            0.2686612010002136,
            0.2712024748325348,
            0.30855700373649597,
            0.3136999011039734,
            0.3308568000793457,
            0.35353538393974304
          ],
          [
            0.4727439880371094,
            0.5753604769706726,
            0.7754652500152588,
            1.0,
            0.6524425148963928,
            0.47085434198379517,
            0.3615856468677521,
            0.3691103756427765,
            0.33446207642555237,
            0.3325125575065613,
            0.34140685200691223,
            0.3684290945529938,
            0.3730080723762512,
            0.33897218108177185,
            0.3464054465293884,
            0.3263266384601593,
            0.30646830797195435,
            0.27457693219184875,
            0.26379597187042236,
            0.26599425077438354,
            0.30793067812919617,
            0.31128424406051636,
            0.3308456540107727,
            0.3528575003147125
          ],
          [
            0.35706931352615356,
            0.4314790666103363,
            0.5142104625701904,
            0.6524425148963928,
            1.0,
            0.6850320100784302,
            0.4194711744785309,
            0.3507520854473114,
            0.3919292092323303,
            0.3186548054218292,
            0.3059192895889282,
            0.31299036741256714,
            0.31264978647232056,
            0.2897571623325348,
            0.2968665659427643,
            0.2898806929588318,
            0.287457138299942,
            0.2600040137767792,
            0.25152823328971863,
            0.2788081765174866,
            0.29295027256011963,
            0.3072971701622009,
            0.3229949474334717,
            0.341518759727478
          ],
          [
            0.27954575419425964,
            0.31246304512023926,
            0.35241907835006714,
            0.47085434198379517,
            0.6850320100784302,
            1.0,
            0.5897735953330994,
            0.4572249948978424,
            0.41424232721328735,
            0.3351757526397705,
            0.34131884574890137,
            0.361538827419281,
            0.37233051657676697,
            0.3716767430305481,
            0.35594624280929565,
            0.3489600419998169,
            0.33583754301071167,
            0.2849997878074646,
            0.28569358587265015,
            0.29105156660079956,
            0.29530492424964905,
            0.30481821298599243,
            0.31761592626571655,
            0.30447918176651
          ],
          [
            0.2602957487106323,
            0.2510109543800354,
            0.31223127245903015,
            0.3615856468677521,
            0.4194711744785309,
            0.5897735953330994,
            1.0,
            0.7628862261772156,
            0.42408666014671326,
            0.41567373275756836,
            0.4210122525691986,
            0.5444464683532715,
            0.5498396158218384,
            0.5445690751075745,
            0.5337788462638855,
            0.4818194508552551,
            0.393807590007782,
            0.31444939970970154,
            0.3003081977367401,
            0.247548907995224,
            0.2885005474090576,
            0.2790254056453705,
            0.30953913927078247,
            0.2875925600528717
          ],
          [
            0.30973634123802185,
            0.30384835600852966,
            0.3553090989589691,
            0.3691103756427765,
            0.3507520854473114,
            0.4572249948978424,
            0.7628862261772156,
            1.0,
            0.4952928125858307,
            0.4444776475429535,
            0.4562873840332031,
            0.6307119727134705,
            0.6560248136520386,
            0.6223009824752808,
            0.627188503742218,
            0.5361561179161072,
            0.4343894124031067,
            0.34566211700439453,
            0.31093829870224,
            0.26352351903915405,
            0.2848202586174011,
            0.27942878007888794,
            0.29492896795272827,
            0.3052659034729004
          ],
          [
            0.27202993631362915,
            0.278507798910141,
            0.3063238263130188,
            0.33446207642555237,
            0.3919292092323303,
            0.41424232721328735,
            0.42408666014671326,
            0.4952928125858307,
            1.0,
            0.6971875429153442,
            0.5900965929031372,
            0.4745091497898102,
            0.4346656799316406,
            0.3937743604183197,
            0.3995967507362366,
            0.3656627833843231,
            0.3583631217479706,
            0.29493075609207153,
            0.3294402062892914,
            0.3124440312385559,
            0.34711748361587524,
            0.3522699773311615,
            0.35583144426345825,
            0.3702801465988159
          ],
          [
            0.28873756527900696,
            0.277484267950058,
            0.29608047008514404,
            0.3325125575065613,
            0.3186548054218292,
            0.3351757526397705,
            0.41567373275756836,
            0.4444776475429535,
            0.6971875429153442,
            1.0,
            0.782559871673584,
            0.5910583734512329,
            0.5141606330871582,
            0.46112075448036194,
            0.43483561277389526,
            0.3691296875476837,
            0.3686159551143646,
            0.3172706365585327,
            0.38400349020957947,
            0.33856096863746643,
            0.36548277735710144,
            0.3772464394569397,
            0.3662489056587219,
            0.3800794184207916
          ],
          [
            0.3173617422580719,
            0.299628347158432,
            0.32357296347618103,
            0.34140685200691223,
            0.3059192895889282,
            0.34131884574890137,
            0.4210122525691986,
            0.4562873840332031,
            0.5900965929031372,
            0.782559871673584,
            1.0,
            0.69423907995224,
            0.5965608358383179,
            0.5358708500862122,
            0.5025529861450195,
            0.4216814637184143,
            0.3964214622974396,
            0.3386741876602173,
            0.3750636577606201,
            0.34655851125717163,
            0.38412752747535706,
            0.38822638988494873,
            0.405994713306427,
            0.40001100301742554
          ],
          [
            0.34948235750198364,
            0.3166097402572632,
            0.3619919419288635,
            0.3684290945529938,
            0.31299036741256714,
            0.361538827419281,
            0.5444464683532715,
            0.6307119727134705,
            0.4745091497898102,
            0.5910583734512329,
            0.69423907995224,
            1.0,
            0.8358710408210754,
            0.7210408449172974,
            0.6498773097991943,
            0.5102978944778442,
            0.44154787063598633,
            0.34640809893608093,
            0.3634708523750305,
            0.33610719442367554,
            0.3497241139411926,
            0.358317106962204,
            0.37424948811531067,
            0.35803157091140747
          ],
          [
            0.331358402967453,
            0.31331032514572144,
            0.35731977224349976,
            0.3730080723762512,
            0.31264978647232056,
            0.37233051657676697,
            0.5498396158218384,
            0.6560248136520386,
            0.4346656799316406,
            0.5141606330871582,
            0.5965608358383179,
            0.8358710408210754,
            1.0,
            0.8164531588554382,
            0.7288191318511963,
            0.6162389516830444,
            0.5201553106307983,
            0.3951389789581299,
            0.40339359641075134,
            0.3494526147842407,
            0.3551785349845886,
            0.3590664863586426,
            0.3553610146045685,
            0.3392288088798523
          ],
          [
            0.291926771402359,
            0.26739370822906494,
            0.3175963759422302,
            0.33897218108177185,
            0.2897571623325348,
            0.3716767430305481,
            0.5445690751075745,
            0.6223009824752808,
            0.3937743604183197,
            0.46112075448036194,
            0.5358708500862122,
            0.7210408449172974,
            0.8164531588554382,
            1.0,
            0.8273792266845703,
            0.6885582804679871,
            0.5523093938827515,
            0.4253067374229431,
            0.4451529383659363,
            0.3799292743206024,
            0.350955069065094,
            0.32714611291885376,
            0.32638657093048096,
            0.3142116665840149
          ],
          [
            0.2963201403617859,
            0.27113646268844604,
            0.3273726999759674,
            0.3464054465293884,
            0.2968665659427643,
            0.35594624280929565,
            0.5337788462638855,
            0.627188503742218,
            0.3995967507362366,
            0.43483561277389526,
            0.5025529861450195,
            0.6498773097991943,
            0.7288191318511963,
            0.8273792266845703,
            1.0,
            0.7553297281265259,
            0.6235122680664062,
            0.5223138332366943,
            0.48645538091659546,
            0.404569536447525,
            0.36569204926490784,
            0.3387472927570343,
            0.30158179998397827,
            0.30534985661506653
          ],
          [
            0.2934647798538208,
            0.27589142322540283,
            0.3040161728858948,
            0.3263266384601593,
            0.2898806929588318,
            0.3489600419998169,
            0.4818194508552551,
            0.5361561179161072,
            0.3656627833843231,
            0.3691296875476837,
            0.4216814637184143,
            0.5102978944778442,
            0.6162389516830444,
            0.6885582804679871,
            0.7553297281265259,
            1.0,
            0.7638517618179321,
            0.6337154507637024,
            0.580150842666626,
            0.4511120915412903,
            0.3877241611480713,
            0.34390780329704285,
            0.3290756940841675,
            0.32730036973953247
          ],
          [
            0.2623051702976227,
            0.2620406746864319,
            0.2874625623226166,
            0.30646830797195435,
            0.287457138299942,
            0.33583754301071167,
            0.393807590007782,
            0.4343894124031067,
            0.3583631217479706,
            0.3686159551143646,
            0.3964214622974396,
            0.44154787063598633,
            0.5201553106307983,
            0.5523093938827515,
            0.6235122680664062,
            0.7638517618179321,
            1.0,
            0.7118298411369324,
            0.6629435420036316,
            0.5122248530387878,
            0.46240419149398804,
            0.4202509820461273,
            0.36692649126052856,
            0.3603121340274811
          ],
          [
            0.23582220077514648,
            0.2425098419189453,
            0.2870171368122101,
            0.27457693219184875,
            0.2600040137767792,
            0.2849997878074646,
            0.31444939970970154,
            0.34566211700439453,
            0.29493075609207153,
            0.3172706365585327,
            0.3386741876602173,
            0.34640809893608093,
            0.3951389789581299,
            0.4253067374229431,
            0.5223138332366943,
            0.6337154507637024,
            0.7118298411369324,
            1.0,
            0.7344300746917725,
            0.5786968469619751,
            0.5018321871757507,
            0.42740529775619507,
            0.36579424142837524,
            0.3340175747871399
          ],
          [
            0.2281859666109085,
            0.24977295100688934,
            0.2686612010002136,
            0.26379597187042236,
            0.25152823328971863,
            0.28569358587265015,
            0.3003081977367401,
            0.31093829870224,
            0.3294402062892914,
            0.38400349020957947,
            0.3750636577606201,
            0.3634708523750305,
            0.40339359641075134,
            0.4451529383659363,
            0.48645538091659546,
            0.580150842666626,
            0.6629435420036316,
            0.7344300746917725,
            1.0,
            0.6806220412254333,
            0.5750036835670471,
            0.4494541585445404,
            0.37582075595855713,
            0.3211873769760132
          ],
          [
            0.2489958256483078,
            0.25643643736839294,
            0.2712024748325348,
            0.26599425077438354,
            0.2788081765174866,
            0.29105156660079956,
            0.247548907995224,
            0.26352351903915405,
            0.3124440312385559,
            0.33856096863746643,
            0.34655851125717163,
            0.33610719442367554,
            0.3494526147842407,
            0.3799292743206024,
            0.404569536447525,
            0.4511120915412903,
            0.5122248530387878,
            0.5786968469619751,
            0.6806220412254333,
            1.0,
            0.7571715116500854,
            0.6082355976104736,
            0.4556547701358795,
            0.38072991371154785
          ],
          [
            0.28263935446739197,
            0.2915959656238556,
            0.30855700373649597,
            0.30793067812919617,
            0.29295027256011963,
            0.29530492424964905,
            0.2885005474090576,
            0.2848202586174011,
            0.34711748361587524,
            0.36548277735710144,
            0.38412752747535706,
            0.3497241139411926,
            0.3551785349845886,
            0.350955069065094,
            0.36569204926490784,
            0.3877241611480713,
            0.46240419149398804,
            0.5018321871757507,
            0.5750036835670471,
            0.7571715116500854,
            1.0,
            0.7423234581947327,
            0.572986900806427,
            0.48362264037132263
          ],
          [
            0.28967520594596863,
            0.2998436689376831,
            0.3136999011039734,
            0.31128424406051636,
            0.3072971701622009,
            0.30481821298599243,
            0.2790254056453705,
            0.27942878007888794,
            0.3522699773311615,
            0.3772464394569397,
            0.38822638988494873,
            0.358317106962204,
            0.3590664863586426,
            0.32714611291885376,
            0.3387472927570343,
            0.34390780329704285,
            0.4202509820461273,
            0.42740529775619507,
            0.4494541585445404,
            0.6082355976104736,
            0.7423234581947327,
            1.0,
            0.7642002105712891,
            0.6122745275497437
          ],
          [
            0.3319234251976013,
            0.33510085940361023,
            0.3308568000793457,
            0.3308456540107727,
            0.3229949474334717,
            0.31761592626571655,
            0.30953913927078247,
            0.29492896795272827,
            0.35583144426345825,
            0.3662489056587219,
            0.405994713306427,
            0.37424948811531067,
            0.3553610146045685,
            0.32638657093048096,
            0.30158179998397827,
            0.3290756940841675,
            0.36692649126052856,
            0.36579424142837524,
            0.37582075595855713,
            0.4556547701358795,
            0.572986900806427,
            0.7642002105712891,
            1.0,
            0.844871997833252
          ],
          [
            0.3745713233947754,
            0.37961816787719727,
            0.35353538393974304,
            0.3528575003147125,
            0.341518759727478,
            0.30447918176651,
            0.2875925600528717,
            0.3052659034729004,
            0.3702801465988159,
            0.3800794184207916,
            0.40001100301742554,
            0.35803157091140747,
            0.3392288088798523,
            0.3142116665840149,
            0.30534985661506653,
            0.32730036973953247,
            0.3603121340274811,
            0.3340175747871399,
            0.3211873769760132,
            0.38072991371154785,
            0.48362264037132263,
            0.6122745275497437,
            0.844871997833252,
            1.0
          ]
        ],
        "summary": {
          "pairs_above_threshold": 276,
          "total_pairs": 276,
          "frac_above_threshold": 1.0,
          "threshold": 0.15,
          "mean_d1": 0.7332888465860615,
          "mean_d3": 0.48111442299116225,
          "mean_d5": 0.39539107052903427
        }
      },
      "pairwise_k50": {
        "matrix": [
          [
            1.0,
            0.8500929474830627,
            0.7429805994033813,
            0.6543713212013245,
            0.5411028861999512,
            0.47599151730537415,
            0.4478875398635864,
            0.44020575284957886,
            0.4088912904262543,
            0.43862128257751465,
            0.4440450668334961,
            0.49609753489494324,
            0.5085292458534241,
            0.5120317935943604,
            0.5024669766426086,
            0.5010921359062195,
            0.5008790493011475,
            0.49732962250709534,
            0.4971120059490204,
            0.4967893660068512,
            0.5020929574966431,
            0.4969155788421631,
            0.48626434803009033,
            0.46860271692276
          ],
          [
            0.8500929474830627,
            1.0,
            0.8264211416244507,
            0.7233608365058899,
            0.5843148231506348,
            0.5197750329971313,
