{
  "model": "tinyllama-1.1b",
  "model_family": "tinyllama",
  "n_layers": 22,
  "d_model": 2048,
  "d_ff": 5632,
  "k": 10,
  "checkpoint_repos": {
    "50000": "PY007/TinyLlama-1.1B-step-50K-105b",
    "240000": "PY007/TinyLlama-1.1B-intermediate-step-240k-503b",
    "480000": "PY007/TinyLlama-1.1B-intermediate-step-480k-1T",
    "715000": "PY007/TinyLlama-1.1B-intermediate-step-715k-1.5T",
    "955000": "TinyLlama/TinyLlama-1.1B-intermediate-step-955k-token-2T",
    "1195000": "TinyLlama/TinyLlama-1.1B-intermediate-step-1195k-token-2.5T",
    "1431000": "TinyLlama/TinyLlama-1.1B-intermediate-step-1431k-3T"
  },
  "checkpoints": {
    "50000": {
      "overlap_matrix": [
        [
          1.0,
          0.6034533977508545,
          0.4498938024044037,
          0.39092323184013367,
          0.32519808411598206,
          0.26676052808761597,
          0.19653412699699402,
          0.19659078121185303,
          0.1852654069662094,
          0.18432991206645966,
          0.15838530659675598,
          0.14927832782268524,
          0.16178803145885468,
          0.14274944365024567,
          0.13459259271621704,
          0.1332208812236786,
          0.1335165798664093,
          0.12732410430908203,
          0.12367163598537445,
          0.11919014155864716,
          0.1225602775812149,
          0.1311614215373993
        ],
        [
          0.6034533977508545,
          1.0,
          0.5333852767944336,
          0.4494840204715729,
          0.34718647599220276,
          0.2649730145931244,
          0.20082762837409973,
          0.18614941835403442,
          0.18173439800739288,
          0.16102568805217743,
          0.15560749173164368,
          0.14707687497138977,
          0.15098585188388824,
          0.13776123523712158,
          0.12842443585395813,
          0.12826420366764069,
          0.13315798342227936,
          0.1302803009748459,
          0.11992523819208145,
          0.11885486543178558,
          0.12606333196163177,
          0.12819470465183258
        ],
        [
          0.4498938024044037,
          0.5333852767944336,
          1.0,
          0.4975067675113678,
          0.3674916923046112,
          0.2880145311355591,
          0.20187976956367493,
          0.2036530077457428,
          0.18949709832668304,
          0.1649276167154312,
          0.15661630034446716,
          0.15084104239940643,
          0.15179207921028137,
          0.14120285212993622,
          0.13453693687915802,
          0.13523325324058533,
          0.13157811760902405,
          0.1353185474872589,
          0.1244320273399353,
          0.11648686230182648,
          0.12493087351322174,
          0.13383284211158752
        ],
        [
          0.39092323184013367,
          0.4494840204715729,
          0.4975067675113678,
          1.0,
          0.4263126254081726,
          0.318098247051239,
          0.2166479527950287,
          0.2139236181974411,
          0.19567397236824036,
          0.17210204899311066,
          0.16291557252407074,
          0.15663942694664001,
          0.15484938025474548,
          0.1468529999256134,
          0.14305847883224487,
          0.1406807005405426,
          0.141848623752594,
          0.13208359479904175,
          0.12639163434505463,
          0.11047222465276718,
          0.11929187923669815,
          0.12084102630615234
        ],
        [
          0.32519808411598206,
          0.34718647599220276,
          0.3674916923046112,
          0.4263126254081726,
          1.0,
          0.3978845179080963,
          0.2541297972202301,
          0.23741896450519562,
          0.2400965392589569,
          0.18866580724716187,
          0.17289863526821136,
          0.16223031282424927,
          0.16327880322933197,
          0.15112486481666565,
          0.1565910130739212,
          0.14992773532867432,
          0.14683791995048523,
          0.14426231384277344,
          0.12551113963127136,
          0.11738346517086029,
          0.1282646656036377,
          0.1268441379070282
        ],
        [
          0.26676052808761597,
          0.2649730145931244,
          0.2880145311355591,
          0.318098247051239,
          0.3978845179080963,
          1.0,
          0.2985876500606537,
          0.2767854928970337,
          0.2682759463787079,
          0.21038968861103058,
          0.20200081169605255,
          0.17922429740428925,
          0.17443671822547913,
          0.16317950189113617,
          0.14880338311195374,
          0.15681882202625275,
          0.1584598571062088,
          0.1493285596370697,
          0.13090096414089203,
          0.12148109823465347,
          0.13593734800815582,
          0.1364273875951767
        ],
        [
          0.19653412699699402,
          0.20082762837409973,
          0.20187976956367493,
          0.2166479527950287,
          0.2541297972202301,
          0.2985876500606537,
          1.0,
          0.2704790532588959,
          0.2825218141078949,
          0.20955047011375427,
          0.2306196242570877,
          0.20143012702465057,
          0.18295830488204956,
          0.15619245171546936,
          0.1672174036502838,
          0.150115966796875,
          0.14582328498363495,
          0.1395396888256073,
          0.12064211070537567,
          0.11574641615152359,
          0.13035915791988373,
          0.13166314363479614
        ],
        [
          0.19659078121185303,
          0.18614941835403442,
          0.2036530077457428,
          0.2139236181974411,
          0.23741896450519562,
          0.2767854928970337,
          0.2704790532588959,
          1.0,
          0.35406187176704407,
          0.32733097672462463,
          0.28844010829925537,
          0.23216612637043,
          0.22824934124946594,
          0.1981843113899231,
          0.19209106266498566,
          0.19774147868156433,
          0.1782447248697281,
          0.15746420621871948,
          0.1538320630788803,
          0.1311967372894287,
          0.14045819640159607,
          0.18422257900238037
        ],
        [
          0.1852654069662094,
          0.18173439800739288,
          0.18949709832668304,
          0.19567397236824036,
          0.2400965392589569,
          0.2682759463787079,
          0.2825218141078949,
          0.35406187176704407,
          1.0,
          0.33396515250205994,
          0.30451470613479614,
          0.23187556862831116,
          0.20615854859352112,
          0.19696371257305145,
          0.1975245177745819,
          0.19543251395225525,
          0.18494142591953278,
          0.16994944214820862,
          0.1487535834312439,
          0.12963393330574036,
          0.15386822819709778,
          0.19600892066955566
        ],
        [
          0.18432991206645966,
          0.16102568805217743,
          0.1649276167154312,
          0.17210204899311066,
          0.18866580724716187,
          0.21038968861103058,
          0.20955047011375427,
          0.32733097672462463,
          0.33396515250205994,
          1.0,
          0.2989489734172821,
          0.26410457491874695,
          0.23112189769744873,
          0.20153021812438965,
          0.1988840252161026,
          0.19737422466278076,
          0.18643222749233246,
          0.1704256385564804,
          0.15753605961799622,
          0.13326047360897064,
          0.14147403836250305,
          0.20605087280273438
        ],
        [
          0.15838530659675598,
          0.15560749173164368,
          0.15661630034446716,
          0.16291557252407074,
          0.17289863526821136,
          0.20200081169605255,
          0.2306196242570877,
          0.28844010829925537,
          0.30451470613479614,
          0.2989489734172821,
          1.0,
          0.37404102087020874,
          0.30260950326919556,
          0.2706248164176941,
          0.23021464049816132,
          0.23145365715026855,
          0.22131630778312683,
          0.20151011645793915,
          0.16518008708953857,
          0.13948729634284973,
          0.13505257666110992,
          0.18510884046554565
        ],
        [
          0.14927832782268524,
          0.14707687497138977,
          0.15084104239940643,
          0.15663942694664001,
          0.16223031282424927,
          0.17922429740428925,
          0.20143012702465057,
          0.23216612637043,
          0.23187556862831116,
          0.26410457491874695,
          0.37404102087020874,
          1.0,
          0.3864055871963501,
          0.3336044251918793,
          0.2719380259513855,
          0.25802069902420044,
          0.2665494680404663,
          0.22592613101005554,
          0.1947271227836609,
          0.15104801952838898,
          0.14226815104484558,
          0.1596861183643341
        ],
        [
          0.16178803145885468,
          0.15098585188388824,
          0.15179207921028137,
          0.15484938025474548,
          0.16327880322933197,
          0.17443671822547913,
          0.18295830488204956,
          0.22824934124946594,
          0.20615854859352112,
          0.23112189769744873,
          0.30260950326919556,
          0.3864055871963501,
          1.0,
          0.4176885485649109,
          0.3567313849925995,
          0.3436087965965271,
          0.32399794459342957,
          0.2738681435585022,
          0.22822371125221252,
          0.17333939671516418,
          0.16827163100242615,
          0.17084893584251404
        ],
        [
          0.14274944365024567,
          0.13776123523712158,
          0.14120285212993622,
          0.1468529999256134,
          0.15112486481666565,
          0.16317950189113617,
          0.15619245171546936,
          0.1981843113899231,
          0.19696371257305145,
          0.20153021812438965,
          0.2706248164176941,
          0.3336044251918793,
          0.4176885485649109,
          1.0,
          0.4741436839103699,
          0.43274059891700745,
          0.421734482049942,
          0.34160277247428894,
          0.277066171169281,
          0.21504513919353485,
          0.19265732169151306,
          0.17500050365924835
        ],
        [
          0.13459259271621704,
          0.12842443585395813,
          0.13453693687915802,
          0.14305847883224487,
          0.1565910130739212,
          0.14880338311195374,
          0.1672174036502838,
          0.19209106266498566,
          0.1975245177745819,
          0.1988840252161026,
          0.23021464049816132,
          0.2719380259513855,
          0.3567313849925995,
          0.4741436839103699,
          1.0,
          0.5090932250022888,
          0.456035852432251,
          0.4038783013820648,
          0.297060489654541,
          0.23607905209064484,
          0.19552642107009888,
          0.17724306881427765
        ],
        [
          0.1332208812236786,
          0.12826420366764069,
          0.13523325324058533,
          0.1406807005405426,
          0.14992773532867432,
          0.15681882202625275,
          0.150115966796875,
          0.19774147868156433,
          0.19543251395225525,
          0.19737422466278076,
          0.23145365715026855,
          0.25802069902420044,
          0.3436087965965271,
          0.43274059891700745,
          0.5090932250022888,
          1.0,
          0.5596224665641785,
          0.4999207556247711,
          0.4060722291469574,
          0.30399590730667114,
          0.23948749899864197,
          0.19664496183395386
        ],
        [
          0.1335165798664093,
          0.13315798342227936,
          0.13157811760902405,
          0.141848623752594,
          0.14683791995048523,
          0.1584598571062088,
          0.14582328498363495,
          0.1782447248697281,
          0.18494142591953278,
          0.18643222749233246,
          0.22131630778312683,
          0.2665494680404663,
          0.32399794459342957,
          0.421734482049942,
          0.456035852432251,
          0.5596224665641785,
          1.0,
          0.5906968116760254,
          0.48373135924339294,
          0.37092646956443787,
          0.27620410919189453,
          0.2047479897737503
        ],
        [
          0.12732410430908203,
          0.1302803009748459,
          0.1353185474872589,
          0.13208359479904175,
          0.14426231384277344,
          0.1493285596370697,
          0.1395396888256073,
          0.15746420621871948,
          0.16994944214820862,
          0.1704256385564804,
          0.20151011645793915,
          0.22592613101005554,
          0.2738681435585022,
          0.34160277247428894,
          0.4038783013820648,
          0.4999207556247711,
          0.5906968116760254,
          1.0,
          0.5534394383430481,
          0.44260889291763306,
          0.32309234142303467,
          0.21234992146492004
        ],
        [
          0.12367163598537445,
          0.11992523819208145,
          0.1244320273399353,
          0.12639163434505463,
          0.12551113963127136,
          0.13090096414089203,
          0.12064211070537567,
          0.1538320630788803,
          0.1487535834312439,
          0.15753605961799622,
          0.16518008708953857,
          0.1947271227836609,
          0.22822371125221252,
          0.277066171169281,
          0.297060489654541,
          0.4060722291469574,
          0.48373135924339294,
          0.5534394383430481,
          1.0,
          0.5287452936172485,
          0.39027926325798035,
          0.2617170810699463
        ],
        [
          0.11919014155864716,
          0.11885486543178558,
          0.11648686230182648,
          0.11047222465276718,
          0.11738346517086029,
          0.12148109823465347,
          0.11574641615152359,
          0.1311967372894287,
          0.12963393330574036,
          0.13326047360897064,
          0.13948729634284973,
          0.15104801952838898,
          0.17333939671516418,
          0.21504513919353485,
          0.23607905209064484,
          0.30399590730667114,
          0.37092646956443787,
          0.44260889291763306,
          0.5287452936172485,
          1.0,
          0.4860766530036926,
          0.3130134344100952
        ],
        [
          0.1225602775812149,
          0.12606333196163177,
          0.12493087351322174,
          0.11929187923669815,
          0.1282646656036377,
          0.13593734800815582,
          0.13035915791988373,
          0.14045819640159607,
          0.15386822819709778,
          0.14147403836250305,
          0.13505257666110992,
          0.14226815104484558,
          0.16827163100242615,
          0.19265732169151306,
          0.19552642107009888,
          0.23948749899864197,
          0.27620410919189453,
          0.32309234142303467,
          0.39027926325798035,
          0.4860766530036926,
          1.0,
          0.37406280636787415
        ],
        [
          0.1311614215373993,
          0.12819470465183258,
          0.13383284211158752,
          0.12084102630615234,
          0.1268441379070282,
          0.1364273875951767,
          0.13166314363479614,
          0.18422257900238037,
          0.19600892066955566,
          0.20605087280273438,
          0.18510884046554565,
          0.1596861183643341,
          0.17084893584251404,
          0.17500050365924835,
          0.17724306881427765,
          0.19664496183395386,
          0.2047479897737503,
          0.21234992146492004,
          0.2617170810699463,
          0.3130134344100952,
          0.37406280636787415,
          1.0
        ]
      ]
    },
    "240000": {
      "overlap_matrix": [
        [
          1.0,
          0.37751200795173645,
          0.21161238849163055,
          0.29155054688453674,
          0.21529817581176758,
          0.17044183611869812,
          0.14191651344299316,
          0.14768317341804504,
          0.13305407762527466,
          0.1179179698228836,
          0.1144229993224144,
          0.12793773412704468,
          0.12881042063236237,
          0.11072943359613419,
          0.11253035068511963,
          0.1251986026763916,
          0.12480847537517548,
          0.12249493598937988,
          0.1126791462302208,
          0.11437103897333145,
          0.1379426270723343,
          0.14029382169246674
        ],
        [
          0.37751200795173645,
          1.0,
          0.24845978617668152,
          0.2676251530647278,
          0.21502593159675598,
          0.17720085382461548,
          0.14281482994556427,
          0.16426196694374084,
          0.14303547143936157,
          0.1257442831993103,
          0.11668586730957031,
          0.12528309226036072,
          0.1277780532836914,
          0.11061549186706543,
          0.12152732908725739,
          0.13053710758686066,
          0.1204877644777298,
          0.12869980931282043,
          0.10767386108636856,
          0.09840860962867737,
          0.13238993287086487,
          0.1371947079896927
        ],
        [
          0.21161238849163055,
          0.24845978617668152,
          1.0,
          0.2501010298728943,
          0.23018363118171692,
          0.1827247142791748,
          0.16410009562969208,
          0.15412913262844086,
          0.13492858409881592,
          0.1261609047651291,
          0.12422766536474228,
          0.1235259622335434,
          0.12261848151683807,
          0.1109485775232315,
          0.11485649645328522,
          0.1188536062836647,
          0.11867527663707733,
          0.10947088897228241,
          0.10016690194606781,
          0.0968475416302681,
          0.12266667187213898,
          0.11941137164831161
        ],
        [
          0.29155054688453674,
          0.2676251530647278,
          0.2501010298728943,
          1.0,
          0.368461936712265,
          0.34420743584632874,
          0.25194692611694336,
          0.22179703414440155,
          0.17377951741218567,
          0.14531002938747406,
          0.13100580871105194,
          0.13708411157131195,
          0.12781928479671478,
          0.12314227968454361,
          0.12820522487163544,
          0.1381402611732483,
          0.1313982605934143,
          0.12212610244750977,
          0.11202991008758545,
          0.10066407918930054,
          0.1302664428949356,
          0.1383250206708908
        ],
        [
          0.21529817581176758,
          0.21502593159675598,
          0.23018363118171692,
          0.368461936712265,
          1.0,
          0.3512625992298126,
          0.2661503851413727,
          0.26127466559410095,
          0.22255933284759521,
          0.18894386291503906,
          0.1514364629983902,
          0.15969088673591614,
          0.13817360997200012,
          0.13019713759422302,
          0.13111209869384766,
          0.14190848171710968,
          0.13808654248714447,
          0.12565243244171143,
          0.12034572660923004,
          0.10868857055902481,
          0.12852658331394196,
          0.12541428208351135
        ],
        [
          0.17044183611869812,
          0.17720085382461548,
          0.1827247142791748,
          0.34420743584632874,
          0.3512625992298126,
          1.0,
          0.30100923776626587,
          0.2377842366695404,
          0.23492856323719025,
          0.1992187798023224,
          0.17103715240955353,
          0.15721283853054047,
          0.1444767862558365,
          0.12592865526676178,
          0.12602636218070984,
          0.134456068277359,
          0.13968566060066223,
          0.13362480700016022,
          0.1076069250702858,
          0.11173193156719208,
          0.1180814877152443,
          0.11668388545513153
        ],
        [
          0.14191651344299316,
          0.14281482994556427,
          0.16410009562969208,
          0.25194692611694336,
          0.2661503851413727,
          0.30100923776626587,
          1.0,
          0.21590104699134827,
          0.22294051945209503,
          0.1779683530330658,
          0.21117909252643585,
          0.1627049595117569,
          0.14637206494808197,
          0.12758243083953857,
          0.12793150544166565,
          0.14154039323329926,
          0.1388845294713974,
          0.1223352923989296,
          0.11005014181137085,
          0.09407459944486618,
          0.11867660284042358,
          0.10270220041275024
        ],
        [
          0.14768317341804504,
          0.16426196694374084,
          0.15412913262844086,
          0.22179703414440155,
          0.26127466559410095,
          0.2377842366695404,
          0.21590104699134827,
          1.0,
          0.3112684190273285,
          0.24396464228630066,
          0.20947201550006866,
          0.17705775797367096,
          0.16303017735481262,
          0.15920421481132507,
          0.15181750059127808,
          0.1542614847421646,
          0.14272300899028778,
          0.13557828962802887,
          0.11786284297704697,
          0.10107920318841934,
          0.11916108429431915,
          0.1467476636171341
        ],
        [
          0.13305407762527466,
          0.14303547143936157,
          0.13492858409881592,
          0.17377951741218567,
          0.22255933284759521,
          0.23492856323719025,
          0.22294051945209503,
          0.3112684190273285,
          1.0,
          0.3049224019050598,
          0.23341579735279083,
          0.21750164031982422,
          0.16864360868930817,
          0.14193934202194214,
          0.13565245270729065,
          0.13541045784950256,
          0.13137312233448029,
          0.11977807432413101,
          0.11023001372814178,
          0.0957636907696724,
          0.120655357837677,
          0.10975422710180283
        ],
        [
          0.1179179698228836,
          0.1257442831993103,
          0.1261609047651291,
          0.14531002938747406,
          0.18894386291503906,
          0.1992187798023224,
          0.1779683530330658,
          0.24396464228630066,
          0.3049224019050598,
          1.0,
          0.28190556168556213,
          0.2930949926376343,
          0.2022923231124878,
          0.16813983023166656,
          0.1681872457265854,
          0.1534886509180069,
          0.14478804171085358,
          0.12963032722473145,
          0.11286188662052155,
          0.10016447305679321,
          0.12547317147254944,
          0.11191926151514053
        ],
        [
          0.1144229993224144,
          0.11668586730957031,
          0.12422766536474228,
          0.13100580871105194,
          0.1514364629983902,
          0.17103715240955353,
          0.21117909252643585,
          0.20947201550006866,
          0.23341579735279083,
          0.28190556168556213,
          1.0,
          0.27666136622428894,
          0.21788330376148224,
          0.16849002242088318,
          0.15985627472400665,
          0.15077415108680725,
          0.13789476454257965,
          0.12814420461654663,
          0.11372317373752594,
          0.09013709425926208,
          0.11558756977319717,
          0.09819792211055756
        ],
        [
          0.12793773412704468,
          0.12528309226036072,
          0.1235259622335434,
          0.13708411157131195,
          0.15969088673591614,
          0.15721283853054047,
          0.1627049595117569,
          0.17705775797367096,
          0.21750164031982422,
          0.2930949926376343,
          0.27666136622428894,
          1.0,
          0.2676694989204407,
          0.244947150349617,
          0.2174493819475174,
          0.198098286986351,
          0.17592838406562805,
          0.15435341000556946,
          0.13540703058242798,
          0.10042576491832733,
          0.12301801145076752,
          0.1215004175901413
        ],
        [
          0.12881042063236237,
          0.1277780532836914,
          0.12261848151683807,
          0.12781928479671478,
          0.13817360997200012,
          0.1444767862558365,
          0.14637206494808197,
          0.16303017735481262,
          0.16864360868930817,
          0.2022923231124878,
          0.21788330376148224,
          0.2676694989204407,
          1.0,
          0.30748289823532104,
          0.2872093617916107,
          0.2546493411064148,
          0.21245495975017548,
          0.1809500753879547,
          0.14383694529533386,
          0.11304987967014313,
          0.13129281997680664,
          0.11617972701787949
        ],
        [
          0.11072943359613419,
          0.11061549186706543,
          0.1109485775232315,
          0.12314227968454361,
          0.13019713759422302,
          0.12592865526676178,
          0.12758243083953857,
          0.15920421481132507,
          0.14193934202194214,
          0.16813983023166656,
          0.16849002242088318,
          0.244947150349617,
          0.30748289823532104,
          1.0,
          0.35250258445739746,
          0.33279547095298767,
          0.2800539433956146,
          0.2087627351284027,
          0.1560598611831665,
          0.12059605121612549,
          0.11306067556142807,
          0.11757850646972656
        ],
        [
          0.11253035068511963,
          0.12152732908725739,
          0.11485649645328522,
          0.12820522487163544,
          0.13111209869384766,
          0.12602636218070984,
          0.12793150544166565,
          0.15181750059127808,
          0.13565245270729065,
          0.1681872457265854,
          0.15985627472400665,
          0.2174493819475174,
          0.2872093617916107,
          0.35250258445739746,
          1.0,
          0.40243300795555115,
          0.35282325744628906,
          0.27689459919929504,
          0.17652882635593414,
          0.1219472736120224,
          0.12432833760976791,
          0.11586042493581772
        ],
        [
          0.1251986026763916,
          0.13053710758686066,
          0.1188536062836647,
          0.1381402611732483,
          0.14190848171710968,
          0.134456068277359,
          0.14154039323329926,
          0.1542614847421646,
          0.13541045784950256,
          0.1534886509180069,
          0.15077415108680725,
          0.198098286986351,
          0.2546493411064148,
          0.33279547095298767,
          0.40243300795555115,
          1.0,
          0.4131203293800354,
          0.3860473930835724,
          0.2846173644065857,
          0.1860864758491516,
          0.15052430331707,
          0.13184209167957306
        ],
        [
          0.12480847537517548,
          0.1204877644777298,
          0.11867527663707733,
          0.1313982605934143,
          0.13808654248714447,
          0.13968566060066223,
          0.1388845294713974,
          0.14272300899028778,
          0.13137312233448029,
          0.14478804171085358,
          0.13789476454257965,
          0.17592838406562805,
          0.21245495975017548,
          0.2800539433956146,
          0.35282325744628906,
          0.4131203293800354,
          1.0,
          0.4645680785179138,
          0.3563811182975769,
          0.25326305627822876,
          0.17576520144939423,
          0.13938464224338531
        ],
        [
          0.12249493598937988,
          0.12869980931282043,
          0.10947088897228241,
          0.12212610244750977,
          0.12565243244171143,
          0.13362480700016022,
          0.1223352923989296,
          0.13557828962802887,
          0.11977807432413101,
          0.12963032722473145,
          0.12814420461654663,
          0.15435341000556946,
          0.1809500753879547,
          0.2087627351284027,
          0.27689459919929504,
          0.3860473930835724,
          0.4645680785179138,
          1.0,
          0.42929381132125854,
          0.33348068594932556,
          0.21579959988594055,
          0.15999490022659302
        ],
        [
          0.1126791462302208,
          0.10767386108636856,
          0.10016690194606781,
          0.11202991008758545,
          0.12034572660923004,
          0.1076069250702858,
          0.11005014181137085,
          0.11786284297704697,
          0.11023001372814178,
          0.11286188662052155,
          0.11372317373752594,
          0.13540703058242798,
          0.14383694529533386,
          0.1560598611831665,
          0.17652882635593414,
          0.2846173644065857,
          0.3563811182975769,
          0.42929381132125854,
          1.0,
          0.45042699575424194,
          0.2953985035419464,
          0.2126990556716919
        ],
        [
          0.11437103897333145,
          0.09840860962867737,
          0.0968475416302681,
          0.10066407918930054,
          0.10868857055902481,
          0.11173193156719208,
          0.09407459944486618,
          0.10107920318841934,
          0.0957636907696724,
          0.10016447305679321,
          0.09013709425926208,
          0.10042576491832733,
          0.11304987967014313,
          0.12059605121612549,
          0.1219472736120224,
          0.1860864758491516,
          0.25326305627822876,
          0.33348068594932556,
          0.45042699575424194,
          1.0,
          0.4066399931907654,
          0.24630896747112274
        ],
        [
          0.1379426270723343,
          0.13238993287086487,
          0.12266667187213898,
          0.1302664428949356,
          0.12852658331394196,
          0.1180814877152443,
          0.11867660284042358,
          0.11916108429431915,
          0.120655357837677,
          0.12547317147254944,
          0.11558756977319717,
          0.12301801145076752,
          0.13129281997680664,
          0.11306067556142807,
          0.12432833760976791,
          0.15052430331707,
          0.17576520144939423,
          0.21579959988594055,
          0.2953985035419464,
          0.4066399931907654,
          1.0,
          0.2623252868652344
        ],
        [
          0.14029382169246674,
          0.1371947079896927,
          0.11941137164831161,
          0.1383250206708908,
          0.12541428208351135,
          0.11668388545513153,
          0.10270220041275024,
          0.1467476636171341,
          0.10975422710180283,
          0.11191926151514053,
          0.09819792211055756,
          0.1215004175901413,
          0.11617972701787949,
          0.11757850646972656,
          0.11586042493581772,
          0.13184209167957306,
          0.13938464224338531,
          0.15999490022659302,
          0.2126990556716919,
          0.24630896747112274,
          0.2623252868652344,
          1.0
        ]
      ]
    },
    "480000": {
      "overlap_matrix": [
        [
          1.0,
          0.2880764603614807,
          0.20417317748069763,
          0.20638933777809143,
          0.14722222089767456,
          0.13477835059165955,
          0.12660755217075348,
          0.1304650753736496,
          0.11344315856695175,
          0.1070425882935524,
          0.10629935562610626,
          0.10603620111942291,
          0.11225719749927521,
          0.10166408866643906,
          0.10857359319925308,
          0.12479616701602936,
          0.13337936997413635,
          0.1264302134513855,
          0.10878174006938934,
          0.1099819540977478,
          0.12931552529335022,
          0.12311533838510513
        ],
        [
          0.2880764603614807,
          1.0,
          0.26022952795028687,
          0.2016911506652832,
          0.1515728384256363,
          0.14134597778320312,
          0.12201090157032013,
          0.13065411150455475,
          0.11169731616973877,
          0.11354272067546844,
          0.11059453338384628,
          0.10477441549301147,
          0.11599067598581314,
          0.10080287605524063,
          0.1117444634437561,
          0.11144155263900757,
          0.1216072291135788,
          0.11458899080753326,
          0.10203979164361954,
          0.10424187034368515,
          0.12245015799999237,
          0.11913113296031952
        ],
        [
          0.20417317748069763,
          0.26022952795028687,
          1.0,
          0.33727920055389404,
          0.2440589964389801,
          0.1946995109319687,
          0.1639818698167801,
          0.14202512800693512,
          0.1206539124250412,
          0.11696486175060272,
          0.11548195034265518,
          0.1042792946100235,
          0.11268607527017593,
          0.10392893850803375,
          0.1116010919213295,
          0.11873853206634521,
          0.1257990300655365,
          0.10506729781627655,
          0.10612306743860245,
          0.10238982737064362,
          0.10746008157730103,
          0.12262356281280518
        ],
        [
          0.20638933777809143,
          0.2016911506652832,
          0.33727920055389404,
          1.0,
          0.33383557200431824,
          0.3022870421409607,
          0.20768912136554718,
          0.15770742297172546,
          0.1375897377729416,
          0.1193825975060463,
          0.11529326438903809,
          0.10779527574777603,
          0.1148918867111206,
          0.11393959820270538,
          0.11796668916940689,
          0.12326254695653915,
          0.12476913630962372,
          0.10967780649662018,
          0.10648687183856964,
          0.09557774662971497,
          0.10968482494354248,
          0.09419424831867218
        ],
        [
          0.14722222089767456,
          0.1515728384256363,
          0.2440589964389801,
          0.33383557200431824,
          1.0,
          0.33929893374443054,
          0.23122373223304749,
          0.2053522765636444,
          0.19744232296943665,
          0.16271176934242249,
          0.1284523606300354,
          0.12718810141086578,
          0.1220240592956543,
          0.11302800476551056,
          0.12374033033847809,
          0.14024870097637177,
          0.12394718825817108,
          0.11358201503753662,
          0.11141176521778107,
          0.10803963243961334,
          0.11432631313800812,
          0.10238900035619736
        ],
        [
          0.13477835059165955,
          0.14134597778320312,
          0.1946995109319687,
          0.3022870421409607,
          0.33929893374443054,
          1.0,
          0.2528221309185028,
          0.23235845565795898,
          0.21313858032226562,
          0.17378826439380646,
          0.1362154632806778,
          0.13049079477787018,
          0.13136263191699982,
          0.11199386417865753,
          0.11723393201828003,
          0.13224484026432037,
          0.11943726241588593,
          0.11619935929775238,
          0.10622458159923553,
          0.09906680881977081,
          0.11180897802114487,
          0.09178874641656876
        ],
        [
          0.12660755217075348,
          0.12201090157032013,
          0.1639818698167801,
          0.20768912136554718,
          0.23122373223304749,
          0.2528221309185028,
          1.0,
          0.20787818729877472,
          0.19573578238487244,
          0.16827097535133362,
          0.17839635908603668,
          0.14579443633556366,
          0.1211966872215271,
          0.11223013699054718,
          0.11773435026407242,
          0.12923729419708252,
          0.12468402087688446,
          0.11875823885202408,
          0.10264241695404053,
          0.0952000766992569,
          0.12012998014688492,
          0.08179596066474915
        ],
        [
          0.1304650753736496,
          0.13065411150455475,
          0.14202512800693512,
          0.15770742297172546,
          0.2053522765636444,
          0.23235845565795898,
          0.20787818729877472,
          1.0,
          0.2969478666782379,
          0.2776966989040375,
          0.17837482690811157,
          0.1470867097377777,
          0.14997972548007965,
          0.1437043398618698,
          0.13810192048549652,
          0.14465868473052979,
          0.12453901767730713,
          0.11530791223049164,
          0.10402850806713104,
          0.10109984874725342,
          0.11364869028329849,
          0.10702040046453476
        ],
        [
          0.11344315856695175,
          0.11169731616973877,
          0.1206539124250412,
          0.1375897377729416,
          0.19744232296943665,
          0.21313858032226562,
          0.19573578238487244,
          0.2969478666782379,
          1.0,
          0.28678372502326965,
          0.2612378001213074,
          0.1792825162410736,
          0.14691893756389618,
          0.12495174258947372,
          0.13299678266048431,
          0.12478020042181015,
          0.11696438491344452,
          0.10661830008029938,
          0.10091288387775421,
          0.10176591575145721,
          0.11037299782037735,
          0.09164418280124664
        ],
        [
          0.1070425882935524,
          0.11354272067546844,
          0.11696486175060272,
          0.1193825975060463,
          0.16271176934242249,
          0.17378826439380646,
          0.16827097535133362,
          0.2776966989040375,
          0.28678372502326965,
          1.0,
          0.28573721647262573,
          0.2986312806606293,
          0.17479632794857025,
          0.16888053715229034,
          0.14541837573051453,
          0.13408707082271576,
          0.12355902045965195,
          0.10231305658817291,
          0.09404654055833817,
          0.09272187203168869,
          0.11180545389652252,
          0.09027501195669174
        ],
        [
          0.10629935562610626,
          0.11059453338384628,
          0.11548195034265518,
          0.11529326438903809,
          0.1284523606300354,
          0.1362154632806778,
          0.17839635908603668,
          0.17837482690811157,
          0.2612378001213074,
          0.28573721647262573,
          1.0,
          0.24309663474559784,
          0.21155814826488495,
          0.1542036384344101,
          0.1471770703792572,
          0.12288794666528702,
          0.12476782500743866,
          0.11157454550266266,
          0.09494076669216156,
          0.08941326290369034,
          0.11431733518838882,
          0.08431826531887054
        ],
        [
          0.10603620111942291,
          0.10477441549301147,
          0.1042792946100235,
          0.10779527574777603,
          0.12718810141086578,
          0.13049079477787018,
          0.14579443633556366,
          0.1470867097377777,
          0.1792825162410736,
          0.2986312806606293,
          0.24309663474559784,
          1.0,
          0.26600509881973267,
          0.2599989175796509,
          0.17975163459777832,
          0.15969742834568024,
          0.14224281907081604,
          0.12763872742652893,
          0.10610858350992203,
          0.09245084226131439,
          0.10321386903524399,
          0.0783357173204422
        ],
        [
          0.11225719749927521,
          0.11599067598581314,
          0.11268607527017593,
          0.1148918867111206,
          0.1220240592956543,
          0.13136263191699982,
          0.1211966872215271,
          0.14997972548007965,
          0.14691893756389618,
          0.17479632794857025,
          0.21155814826488495,
          0.26600509881973267,
          1.0,
          0.31051450967788696,
          0.3000088036060333,
          0.21886909008026123,
          0.17055301368236542,
          0.14411510527133942,
          0.11498044431209564,
          0.09572988003492355,
          0.11807992309331894,
          0.08710954338312149
        ],
        [
          0.10166408866643906,
          0.10080287605524063,
          0.10392893850803375,
          0.11393959820270538,
          0.11302800476551056,
          0.11199386417865753,
          0.11223013699054718,
          0.1437043398618698,
          0.12495174258947372,
          0.16888053715229034,
          0.1542036384344101,
          0.2599989175796509,
          0.31051450967788696,
          1.0,
          0.3568700850009918,
          0.33592545986175537,
