{
  "model": "1.4b",
  "model_name": "EleutherAI/pythia-1.4b",
  "n_layers": 24,
  "d_model": 2048,
  "k": 10,
  "checkpoints": {
    "0": {
      "overlap_matrix": [
        [
          1.0,
          0.05505974218249321,
          0.06714563071727753,
          0.06539300084114075,
          0.06612607836723328,
          0.05676309019327164,
          0.06105734780430794,
          0.05425520986318588,
          0.054430555552244186,
          0.05762122943997383,
          0.06245382875204086,
          0.06629255414009094,
          0.058942995965480804,
          0.05619759112596512,
          0.05867518112063408,
          0.062010508030653,
          0.0554872564971447,
          0.055948905646800995,
          0.06278909742832184,
          0.054563939571380615,
          0.05903864651918411,
          0.07004237920045853,
          0.06357189267873764,
          0.051540158689022064
        ],
        [
          0.05505974218249321,
          1.0,
          0.05393768101930618,
          0.061486728489398956,
          0.060585152357816696,
          0.0602765753865242,
          0.05020541697740555,
          0.053679268807172775,
          0.058411575853824615,
          0.060320477932691574,
          0.060288332402706146,
          0.05749271437525749,
          0.05998026579618454,
          0.05849281698465347,
          0.059223394840955734,
          0.05844149738550186,
          0.06426017731428146,
          0.058282386511564255,
          0.05891399830579758,
          0.059958986937999725,
          0.05377404764294624,
          0.05470355227589607,
          0.051195550709962845,
          0.06126006320118904
        ],
        [
          0.06714563071727753,
          0.05393768101930618,
          1.0,
          0.06081266328692436,
          0.05622703582048416,
          0.05838221311569214,
          0.05530110001564026,
          0.05063315108418465,
          0.05933091789484024,
          0.05770985037088394,
          0.06288444250822067,
          0.050203293561935425,
          0.06581613421440125,
          0.05370721220970154,
          0.06663301587104797,
          0.06423425674438477,
          0.0604853630065918,
          0.05583135038614273,
          0.05704528093338013,
          0.06450573354959488,
          0.05903657153248787,
          0.051389891654253006,
          0.061388321220874786,
          0.057649582624435425
        ],
        [
          0.06539300084114075,
          0.061486728489398956,
          0.06081266328692436,
          1.0,
          0.05415145680308342,
          0.052337396889925,
          0.0633653998374939,
          0.061021674424409866,
          0.05426479130983353,
          0.05976051837205887,
          0.06315163522958755,
          0.056554652750492096,
          0.05187889188528061,
          0.06300707906484604,
          0.05788252875208855,
          0.058974526822566986,
          0.06026328355073929,
          0.06232215836644173,
          0.06150761991739273,
          0.052975188940763474,
          0.05795616656541824,
          0.05544240400195122,
          0.05122387409210205,
          0.05648469924926758
        ],
        [
          0.06612607836723328,
          0.060585152357816696,
          0.05622703582048416,
          0.05415145680308342,
          1.0,
          0.060050882399082184,
          0.05365058779716492,
          0.06668867915868759,
          0.05688098818063736,
          0.06388289481401443,
          0.053284578025341034,
          0.05518714711070061,
          0.06258754432201385,
          0.05364357307553291,
          0.061001937836408615,
          0.058843981474637985,
          0.06223342567682266,
          0.05668902397155762,
          0.05766773968935013,
          0.06008622795343399,
          0.06418918073177338,
          0.058353036642074585,
          0.055095236748456955,
          0.04745205491781235
        ],
        [
          0.05676309019327164,
          0.0602765753865242,
          0.05838221311569214,
          0.052337396889925,
          0.060050882399082184,
          1.0,
          0.05849143862724304,
          0.062043480575084686,
          0.062282949686050415,
          0.05827004462480545,
          0.05798503756523132,
          0.05374152213335037,
          0.06756924092769623,
          0.05571039766073227,
          0.05803776904940605,
          0.06061772257089615,
          0.05385628342628479,
          0.06474655866622925,
          0.06110120937228203,
          0.05829694867134094,
          0.06480584293603897,
          0.06245850771665573,
          0.05639967322349548,
          0.0546765998005867
        ],
        [
          0.06105734780430794,
          0.05020541697740555,
          0.05530110001564026,
          0.0633653998374939,
          0.05365058779716492,
          0.05849143862724304,
          1.0,
          0.05416043475270271,
          0.0654735118150711,
          0.057889897376298904,
          0.05866406485438347,
          0.06487642973661423,
          0.06755398213863373,
          0.06241189315915108,
          0.0619383230805397,
          0.06186635047197342,
          0.06450099498033524,
          0.05737254023551941,
          0.06041311100125313,
          0.060428403317928314,
          0.050619013607501984,
          0.05809808522462845,
          0.06090753525495529,
          0.06086396425962448
        ],
        [
          0.05425520986318588,
          0.053679268807172775,
          0.05063315108418465,
          0.061021674424409866,
          0.06668867915868759,
          0.062043480575084686,
          0.05416043475270271,
          1.0,
          0.058314062654972076,
          0.0579894557595253,
          0.06113254278898239,
          0.05967407673597336,
          0.06101856753230095,
          0.06375981867313385,
          0.06443284451961517,
          0.058865707367658615,
          0.060714565217494965,
          0.06082508713006973,
          0.059815771877765656,
          0.05706024169921875,
          0.05859580636024475,
          0.06083771586418152,
          0.054009098559617996,
          0.06418503820896149
        ],
        [
          0.054430555552244186,
          0.058411575853824615,
          0.05933091789484024,
          0.05426479130983353,
          0.05688098818063736,
          0.062282949686050415,
          0.0654735118150711,
          0.058314062654972076,
          1.0,
          0.05955037474632263,
          0.060657232999801636,
          0.0633126050233841,
          0.061524324119091034,
          0.06090392544865608,
          0.06382505595684052,
          0.059384532272815704,
          0.05444012209773064,
          0.05281423404812813,
          0.06287506967782974,
          0.05859679728746414,
          0.06033974140882492,
          0.0579146072268486,
          0.056951187551021576,
          0.06645973026752472
        ],
        [
          0.05762122943997383,
          0.060320477932691574,
          0.05770985037088394,
          0.05976051837205887,
          0.06388289481401443,
          0.05827004462480545,
          0.057889897376298904,
          0.0579894557595253,
          0.05955037474632263,
          1.0,
          0.05462782457470894,
          0.054417140781879425,
          0.06124559044837952,
          0.05938049405813217,
          0.051678042858839035,
          0.060002394020557404,
          0.058391183614730835,
          0.06176329776644707,
          0.05280917137861252,
          0.06373178213834763,
          0.054771788418293,
          0.0568225271999836,
          0.061466895043849945,
          0.05739185959100723
        ],
        [
          0.06245382875204086,
          0.060288332402706146,
          0.06288444250822067,
          0.06315163522958755,
          0.053284578025341034,
          0.05798503756523132,
          0.05866406485438347,
          0.06113254278898239,
          0.060657232999801636,
          0.05462782457470894,
          1.0,
          0.05917000770568848,
          0.0625118538737297,
          0.05948116257786751,
          0.05317755788564682,
          0.05904578045010567,
          0.06112520024180412,
          0.058749012649059296,
          0.05432778596878052,
          0.0639645904302597,
          0.06043050438165665,
          0.06192168593406677,
          0.06027988716959953,
          0.062013886868953705
        ],
        [
          0.06629255414009094,
          0.05749271437525749,
          0.050203293561935425,
          0.056554652750492096,
          0.05518714711070061,
          0.05374152213335037,
          0.06487642973661423,
          0.05967407673597336,
          0.0633126050233841,
          0.054417140781879425,
          0.05917000770568848,
          1.0,
          0.06513873487710953,
          0.0558830127120018,
          0.06332500278949738,
          0.05472974851727486,
          0.052040040493011475,
          0.05787960812449455,
          0.059886783361434937,
          0.05772058293223381,
          0.05552691966295242,
          0.056578755378723145,
          0.055317558348178864,
          0.05442734435200691
        ],
        [
          0.058942995965480804,
          0.05998026579618454,
          0.06581613421440125,
          0.05187889188528061,
          0.06258754432201385,
          0.06756924092769623,
          0.06755398213863373,
          0.06101856753230095,
          0.061524324119091034,
          0.06124559044837952,
          0.0625118538737297,
          0.06513873487710953,
          1.0,
          0.04496731236577034,
          0.051214467734098434,
          0.06283806264400482,
          0.058337170630693436,
          0.058717191219329834,
          0.0561743900179863,
          0.05888860672712326,
          0.059414200484752655,
          0.056888312101364136,
          0.06678260862827301,
          0.06006273627281189
        ],
        [
          0.05619759112596512,
          0.05849281698465347,
          0.05370721220970154,
          0.06300707906484604,
          0.05364357307553291,
          0.05571039766073227,
          0.06241189315915108,
          0.06375981867313385,
          0.06090392544865608,
          0.05938049405813217,
          0.05948116257786751,
          0.0558830127120018,
          0.04496731236577034,
          1.0,
          0.05819026753306389,
          0.05379532650113106,
          0.060727037489414215,
          0.05691664665937424,
          0.057273220270872116,
          0.0581493005156517,
          0.06123992055654526,
          0.05612761899828911,
          0.05605810135602951,
          0.06120983511209488
        ],
        [
          0.05867518112063408,
          0.059223394840955734,
          0.06663301587104797,
          0.05788252875208855,
          0.061001937836408615,
          0.05803776904940605,
          0.0619383230805397,
          0.06443284451961517,
          0.06382505595684052,
          0.051678042858839035,
          0.05317755788564682,
          0.06332500278949738,
          0.051214467734098434,
          0.05819026753306389,
          1.0,
          0.06495220959186554,
          0.05381963774561882,
          0.06068313121795654,
          0.05198904871940613,
          0.05669746547937393,
          0.05915634706616402,
          0.0663437694311142,
          0.05620766431093216,
          0.05186039209365845
        ],
        [
          0.062010508030653,
          0.05844149738550186,
          0.06423425674438477,
          0.058974526822566986,
          0.058843981474637985,
          0.06061772257089615,
          0.06186635047197342,
          0.058865707367658615,
          0.059384532272815704,
          0.060002394020557404,
          0.05904578045010567,
          0.05472974851727486,
          0.06283806264400482,
          0.05379532650113106,
          0.06495220959186554,
          1.0,
          0.05708122253417969,
          0.06300325691699982,
          0.053869687020778656,
          0.05817409232258797,
          0.06157015636563301,
          0.054050661623477936,
          0.06863070279359818,
          0.058697015047073364
        ],
        [
          0.0554872564971447,
          0.06426017731428146,
          0.0604853630065918,
          0.06026328355073929,
          0.06223342567682266,
          0.05385628342628479,
          0.06450099498033524,
          0.060714565217494965,
          0.05444012209773064,
          0.058391183614730835,
          0.06112520024180412,
          0.052040040493011475,
          0.058337170630693436,
          0.060727037489414215,
          0.05381963774561882,
          0.05708122253417969,
          1.0,
          0.05915193632245064,
          0.05483395978808403,
          0.05548036843538284,
          0.059733759611845016,
          0.058868370950222015,
          0.061822108924388885,
          0.06137536093592644
        ],
        [
          0.055948905646800995,
          0.058282386511564255,
          0.05583135038614273,
          0.06232215836644173,
          0.05668902397155762,
          0.06474655866622925,
          0.05737254023551941,
          0.06082508713006973,
          0.05281423404812813,
          0.06176329776644707,
          0.058749012649059296,
          0.05787960812449455,
          0.058717191219329834,
          0.05691664665937424,
          0.06068313121795654,
          0.06300325691699982,
          0.05915193632245064,
          1.0,
          0.06506288796663284,
          0.05766259878873825,
          0.058361947536468506,
          0.057410918176174164,
          0.06639264523983002,
          0.0590338334441185
        ],
        [
          0.06278909742832184,
          0.05891399830579758,
          0.05704528093338013,
          0.06150761991739273,
          0.05766773968935013,
          0.06110120937228203,
          0.06041311100125313,
          0.059815771877765656,
          0.06287506967782974,
          0.05280917137861252,
          0.05432778596878052,
          0.059886783361434937,
          0.0561743900179863,
          0.057273220270872116,
          0.05198904871940613,
          0.053869687020778656,
          0.05483395978808403,
          0.06506288796663284,
          1.0,
          0.050971388816833496,
          0.06506899744272232,
          0.05967510864138603,
          0.05572812631726265,
          0.05587606877088547
        ],
        [
          0.054563939571380615,
          0.059958986937999725,
          0.06450573354959488,
          0.052975188940763474,
          0.06008622795343399,
          0.05829694867134094,
          0.060428403317928314,
          0.05706024169921875,
          0.05859679728746414,
          0.06373178213834763,
          0.0639645904302597,
          0.05772058293223381,
          0.05888860672712326,
          0.0581493005156517,
          0.05669746547937393,
          0.05817409232258797,
          0.05548036843538284,
          0.05766259878873825,
          0.050971388816833496,
          1.0,
          0.05527942255139351,
          0.057350240647792816,
          0.060203827917575836,
          0.057553816586732864
        ],
        [
          0.05903864651918411,
          0.05377404764294624,
          0.05903657153248787,
          0.05795616656541824,
          0.06418918073177338,
          0.06480584293603897,
          0.050619013607501984,
          0.05859580636024475,
          0.06033974140882492,
          0.054771788418293,
          0.06043050438165665,
          0.05552691966295242,
          0.059414200484752655,
          0.06123992055654526,
          0.05915634706616402,
          0.06157015636563301,
          0.059733759611845016,
          0.058361947536468506,
          0.06506899744272232,
          0.05527942255139351,
          1.0,
          0.05777444317936897,
          0.052310001105070114,
          0.05903483182191849
        ],
        [
          0.07004237920045853,
          0.05470355227589607,
          0.051389891654253006,
          0.05544240400195122,
          0.058353036642074585,
          0.06245850771665573,
          0.05809808522462845,
          0.06083771586418152,
          0.0579146072268486,
          0.0568225271999836,
          0.06192168593406677,
          0.056578755378723145,
          0.056888312101364136,
          0.05612761899828911,
          0.0663437694311142,
          0.054050661623477936,
          0.058868370950222015,
          0.057410918176174164,
          0.05967510864138603,
          0.057350240647792816,
          0.05777444317936897,
          1.0,
          0.05933893471956253,
          0.05951344221830368
        ],
        [
          0.06357189267873764,
          0.051195550709962845,
          0.061388321220874786,
          0.05122387409210205,
          0.055095236748456955,
          0.05639967322349548,
          0.06090753525495529,
          0.054009098559617996,
          0.056951187551021576,
          0.061466895043849945,
          0.06027988716959953,
          0.055317558348178864,
          0.06678260862827301,
          0.05605810135602951,
          0.05620766431093216,
          0.06863070279359818,
          0.061822108924388885,
          0.06639264523983002,
          0.05572812631726265,
          0.060203827917575836,
          0.052310001105070114,
          0.05933893471956253,
          1.0,
          0.05756624788045883
        ],
        [
          0.051540158689022064,
          0.06126006320118904,
          0.057649582624435425,
          0.05648469924926758,
          0.04745205491781235,
          0.0546765998005867,
          0.06086396425962448,
          0.06418503820896149,
          0.06645973026752472,
          0.05739185959100723,
          0.062013886868953705,
          0.05442734435200691,
          0.06006273627281189,
          0.06120983511209488,
          0.05186039209365845,
          0.058697015047073364,
          0.06137536093592644,
          0.0590338334441185,
          0.05587606877088547,
          0.057553816586732864,
          0.05903483182191849,
          0.05951344221830368,
          0.05756624788045883,
          1.0
        ]
      ]
    },
    "128": {
      "overlap_matrix": [
        [
          1.0,
          0.060691673308610916,
          0.06242845579981804,
          0.07447271049022675,
          0.06201084330677986,
          0.06354912370443344,
          0.06294634193181992,
          0.05502747371792793,
          0.058671873062849045,
          0.05748744681477547,
          0.05609036237001419,
          0.05995147302746773,
          0.061573576182127,
          0.05459371954202652,
          0.060048043727874756,
          0.05960506945848465,
          0.05674570053815842,
          0.062342941761016846,
          0.05469145253300667,
          0.05650029703974724,
          0.060760535299777985,
          0.06385523080825806,
          0.05631301924586296,
          0.05096762627363205
        ],
        [
          0.060691673308610916,
          1.0,
          0.07834962755441666,
          0.07004836946725845,
          0.06777451932430267,
          0.06018654257059097,
          0.05628683418035507,
          0.052838943898677826,
          0.05543454736471176,
          0.05962974950671196,
          0.05730915814638138,
          0.05225304514169693,
          0.05532875657081604,
          0.05829568952322006,
          0.06148114055395126,
          0.0581020787358284,
          0.0637408122420311,
          0.05953298136591911,
          0.05615846440196037,
          0.060709960758686066,
          0.059959061443805695,
          0.06412655115127563,
          0.06059163063764572,
          0.06350310146808624
        ],
        [
          0.06242845579981804,
          0.07834962755441666,
          1.0,
          0.10007037222385406,
          0.08978651463985443,
          0.07812029123306274,
          0.07434211671352386,
          0.07545185089111328,
          0.06641628593206406,
          0.0728469267487526,
          0.05731736496090889,
          0.06468446552753448,
          0.0712042823433876,
          0.061461351811885834,
          0.06578417867422104,
          0.06052958220243454,
          0.055928558111190796,
          0.05608449503779411,
          0.05842645838856697,
          0.06975910067558289,
          0.06083556264638901,
          0.05863531306385994,
          0.06447751820087433,
          0.062249213457107544
        ],
        [
          0.07447271049022675,
          0.07004836946725845,
          0.10007037222385406,
          1.0,
          0.09228959679603577,
          0.09107191860675812,
          0.0913805216550827,
          0.08222846686840057,
          0.06867431849241257,
          0.07151095569133759,
          0.07216287404298782,
          0.07402034848928452,
          0.0663662999868393,
          0.06304143369197845,
          0.06930696964263916,
          0.06266362220048904,
          0.056945521384477615,
          0.06217590719461441,
          0.06259624660015106,
          0.052169330418109894,
          0.061653852462768555,
          0.05638018250465393,
          0.060732483863830566,
          0.0651949867606163
        ],
        [
          0.06201084330677986,
          0.06777451932430267,
          0.08978651463985443,
          0.09228959679603577,
          1.0,
          0.10376836359500885,
          0.09034213423728943,
          0.08530278503894806,
          0.07953029125928879,
          0.07078231126070023,
          0.06734635680913925,
          0.07793650776147842,
          0.07762930542230606,
          0.06916741281747818,
          0.060398299247026443,
          0.05846089869737625,
          0.060134150087833405,
          0.05816338211297989,
          0.058944035321474075,
          0.06030537560582161,
          0.060087837278842926,
          0.06264974176883698,
          0.06888976693153381,
          0.061731643974781036
        ],
        [
          0.06354912370443344,
          0.06018654257059097,
          0.07812029123306274,
          0.09107191860675812,
          0.10376836359500885,
          1.0,
          0.0991971492767334,
          0.09006103128194809,
          0.09088637679815292,
          0.08057475835084915,
          0.0720718652009964,
          0.07601068913936615,
          0.07020372897386551,
          0.07537931948900223,
          0.07154563814401627,
          0.06963567435741425,
          0.06305523216724396,
          0.06501975655555725,
          0.05694093182682991,
          0.060910679399967194,
          0.06574700772762299,
          0.062249135226011276,
          0.06513068079948425,
          0.05946313589811325
        ],
        [
          0.06294634193181992,
          0.05628683418035507,
          0.07434211671352386,
          0.0913805216550827,
          0.09034213423728943,
          0.0991971492767334,
          1.0,
          0.08937209844589233,
          0.08735669404268265,
          0.07761892676353455,
          0.07094813883304596,
          0.07492534816265106,
          0.07544712722301483,
          0.07386521995067596,
          0.06285140663385391,
          0.07346782088279724,
          0.0683746337890625,
          0.0640682727098465,
          0.07056454569101334,
          0.06437153369188309,
          0.06100648641586304,
          0.06789154559373856,
          0.07275786250829697,
          0.06336904317140579
        ],
        [
          0.05502747371792793,
          0.052838943898677826,
          0.07545185089111328,
          0.08222846686840057,
          0.08530278503894806,
          0.09006103128194809,
          0.08937209844589233,
          1.0,
          0.08594610542058945,
          0.08601059764623642,
          0.07407006621360779,
          0.08653944730758667,
          0.08810271322727203,
          0.07370291650295258,
          0.077092245221138,
          0.0690891444683075,
          0.08009156584739685,
          0.07064663618803024,
          0.069745734333992,
          0.069334015250206,
          0.07128342986106873,
          0.07678589969873428,
          0.07380722463130951,
          0.06533435732126236
        ],
        [
          0.058671873062849045,
          0.05543454736471176,
          0.06641628593206406,
          0.06867431849241257,
          0.07953029125928879,
          0.09088637679815292,
          0.08735669404268265,
          0.08594610542058945,
          1.0,
          0.07682912051677704,
          0.08398335427045822,
          0.08192988485097885,
          0.07862229645252228,
          0.07759055495262146,
          0.06971192359924316,
          0.07489655166864395,
          0.0688784271478653,
          0.0654149055480957,
          0.07925507426261902,
          0.0724724531173706,
          0.06971879303455353,
          0.07866714894771576,
          0.07670298218727112,
          0.08427596837282181
        ],
        [
          0.05748744681477547,
          0.05962974950671196,
          0.0728469267487526,
          0.07151095569133759,
          0.07078231126070023,
          0.08057475835084915,
          0.07761892676353455,
          0.08601059764623642,
          0.07682912051677704,
          1.0,
          0.0754871591925621,
          0.06876697391271591,
          0.07885384559631348,
          0.0844111293554306,
          0.07434113323688507,
          0.07833726704120636,
          0.07608305662870407,
          0.07346075773239136,
          0.07430572807788849,
          0.08344168215990067,
          0.0742901936173439,
          0.07029060274362564,
          0.08026113361120224,
          0.0745629370212555
        ],
        [
          0.05609036237001419,
          0.05730915814638138,
          0.05731736496090889,
          0.07216287404298782,
          0.06734635680913925,
          0.0720718652009964,
          0.07094813883304596,
          0.07407006621360779,
          0.08398335427045822,
          0.0754871591925621,
          1.0,
          0.07896953821182251,
          0.08328811079263687,
          0.07322686910629272,
          0.07687362283468246,
          0.07907287776470184,
          0.08047681301832199,
          0.07892127335071564,
          0.0758916512131691,
          0.0913180485367775,
          0.0833570808172226,
          0.08425925672054291,
          0.08142320066690445,
          0.08522943407297134
        ],
        [
          0.05995147302746773,
          0.05225304514169693,
          0.06468446552753448,
          0.07402034848928452,
          0.07793650776147842,
          0.07601068913936615,
          0.07492534816265106,
          0.08653944730758667,
          0.08192988485097885,
          0.06876697391271591,
          0.07896953821182251,
          1.0,
          0.08983276784420013,
          0.08003024011850357,
          0.08521395921707153,
          0.08138353377580643,
          0.09191188961267471,
          0.08275212347507477,
          0.09251274168491364,
          0.09231467545032501,
          0.09171675890684128,
          0.08106391131877899,
          0.096507728099823,
          0.08512626588344574
        ],
        [
          0.061573576182127,
          0.05532875657081604,
          0.0712042823433876,
          0.0663662999868393,
          0.07762930542230606,
          0.07020372897386551,
          0.07544712722301483,
          0.08810271322727203,
          0.07862229645252228,
          0.07885384559631348,
          0.08328811079263687,
          0.08983276784420013,
          1.0,
          0.09128320217132568,
          0.0872083380818367,
          0.09703236818313599,
          0.08683977276086807,
          0.09045062214136124,
          0.10190906375646591,
          0.09151138365268707,
          0.0950387716293335,
          0.08932898938655853,
          0.10533542931079865,
          0.0965726301074028
        ],
        [
          0.05459371954202652,
          0.05829568952322006,
          0.061461351811885834,
          0.06304143369197845,
          0.06916741281747818,
          0.07537931948900223,
          0.07386521995067596,
          0.07370291650295258,
          0.07759055495262146,
          0.0844111293554306,
          0.07322686910629272,
          0.08003024011850357,
          0.09128320217132568,
          1.0,
          0.08817479014396667,
          0.09273337572813034,
          0.09535478055477142,
          0.09770610928535461,
          0.09298677742481232,
          0.09550968557596207,
          0.09653468430042267,
          0.09419237822294235,
          0.0946844220161438,
          0.104908287525177
        ],
        [
          0.060048043727874756,
          0.06148114055395126,
          0.06578417867422104,
          0.06930696964263916,
          0.060398299247026443,
          0.07154563814401627,
          0.06285140663385391,
          0.077092245221138,
          0.06971192359924316,
          0.07434113323688507,
          0.07687362283468246,
          0.08521395921707153,
          0.0872083380818367,
          0.08817479014396667,
          1.0,
          0.09973648935556412,
          0.09352269023656845,
          0.10419730097055435,
          0.09731385111808777,
          0.1077226996421814,
          0.10528036206960678,
          0.10546214878559113,
          0.10008486360311508,
          0.10509385168552399
        ],
        [
          0.05960506945848465,
          0.0581020787358284,
          0.06052958220243454,
          0.06266362220048904,
          0.05846089869737625,
          0.06963567435741425,
          0.07346782088279724,
          0.0690891444683075,
          0.07489655166864395,
          0.07833726704120636,
          0.07907287776470184,
          0.08138353377580643,
          0.09703236818313599,
          0.09273337572813034,
          0.09973648935556412,
          1.0,
          0.10608167946338654,
          0.10775736719369888,
          0.1012827530503273,
          0.10626502335071564,
          0.10924748331308365,
          0.09730739891529083,
          0.11888356506824493,
          0.1186036616563797
        ],
        [
          0.05674570053815842,
          0.0637408122420311,
          0.055928558111190796,
          0.056945521384477615,
          0.060134150087833405,
          0.06305523216724396,
          0.0683746337890625,
          0.08009156584739685,
          0.0688784271478653,
          0.07608305662870407,
          0.08047681301832199,
          0.09191188961267471,
          0.08683977276086807,
          0.09535478055477142,
          0.09352269023656845,
          0.10608167946338654,
          1.0,
          0.11534744501113892,
          0.10414286702871323,
          0.11185304075479507,
          0.10985372215509415,
          0.11201232671737671,
          0.12641125917434692,
          0.11556856334209442
        ],
        [
          0.062342941761016846,
          0.05953298136591911,
          0.05608449503779411,
          0.06217590719461441,
          0.05816338211297989,
          0.06501975655555725,
          0.0640682727098465,
          0.07064663618803024,
          0.0654149055480957,
          0.07346075773239136,
          0.07892127335071564,
          0.08275212347507477,
          0.09045062214136124,
          0.09770610928535461,
          0.10419730097055435,
          0.10775736719369888,
          0.11534744501113892,
          1.0,
          0.11184097826480865,
          0.13337664306163788,
          0.120833620429039,
          0.12361449003219604,
          0.1285521537065506,
          0.12633399665355682
        ],
        [
          0.05469145253300667,
          0.05615846440196037,
          0.05842645838856697,
          0.06259624660015106,
          0.058944035321474075,
          0.05694093182682991,
          0.07056454569101334,
          0.069745734333992,
          0.07925507426261902,
          0.07430572807788849,
          0.0758916512131691,
          0.09251274168491364,
          0.10190906375646591,
          0.09298677742481232,
          0.09731385111808777,
          0.1012827530503273,
          0.10414286702871323,
          0.11184097826480865,
          1.0,
          0.12263324111700058,
          0.1256527453660965,
          0.12270118296146393,
          0.12873157858848572,
          0.1334659457206726
        ],
        [
          0.05650029703974724,
          0.060709960758686066,
          0.06975910067558289,
          0.052169330418109894,
          0.06030537560582161,
          0.060910679399967194,
          0.06437153369188309,
          0.069334015250206,
          0.0724724531173706,
          0.08344168215990067,
          0.0913180485367775,
          0.09231467545032501,
          0.09151138365268707,
          0.09550968557596207,
          0.1077226996421814,
          0.10626502335071564,
          0.11185304075479507,
          0.13337664306163788,
          0.12263324111700058,
          1.0,
          0.12680009007453918,
          0.13490551710128784,
          0.13780173659324646,
          0.1436384618282318
        ],
        [
          0.060760535299777985,
          0.059959061443805695,
          0.06083556264638901,
          0.061653852462768555,
          0.060087837278842926,
          0.06574700772762299,
          0.06100648641586304,
          0.07128342986106873,
          0.06971879303455353,
          0.0742901936173439,
          0.0833570808172226,
          0.09171675890684128,
          0.0950387716293335,
          0.09653468430042267,
          0.10528036206960678,
          0.10924748331308365,
          0.10985372215509415,
          0.120833620429039,
          0.1256527453660965,
          0.12680009007453918,
          1.0,
          0.1447102278470993,
          0.14504501223564148,
          0.14681395888328552
        ],
        [
          0.06385523080825806,
          0.06412655115127563,
          0.05863531306385994,
          0.05638018250465393,
          0.06264974176883698,
          0.062249135226011276,
          0.06789154559373856,
          0.07678589969873428,
          0.07866714894771576,
          0.07029060274362564,
          0.08425925672054291,
          0.08106391131877899,
          0.08932898938655853,
          0.09419237822294235,
          0.10546214878559113,
          0.09730739891529083,
          0.11201232671737671,
          0.12361449003219604,
          0.12270118296146393,
          0.13490551710128784,
          0.1447102278470993,
          1.0,
          0.1436147689819336,
          0.14693120121955872
        ],
        [
          0.05631301924586296,
          0.06059163063764572,
          0.06447751820087433,
          0.060732483863830566,
          0.06888976693153381,
          0.06513068079948425,
          0.07275786250829697,
          0.07380722463130951,
          0.07670298218727112,
          0.08026113361120224,
          0.08142320066690445,
          0.096507728099823,
          0.10533542931079865,
          0.0946844220161438,
          0.10008486360311508,
          0.11888356506824493,
          0.12641125917434692,
          0.1285521537065506,
          0.12873157858848572,
          0.13780173659324646,
          0.14504501223564148,
          0.1436147689819336,
          1.0,
          0.16073140501976013
        ],
        [
          0.05096762627363205,
          0.06350310146808624,
          0.062249213457107544,
          0.0651949867606163,
          0.061731643974781036,
          0.05946313589811325,
          0.06336904317140579,
          0.06533435732126236,
          0.08427596837282181,
          0.0745629370212555,
          0.08522943407297134,
          0.08512626588344574,
          0.0965726301074028,
          0.104908287525177,
          0.10509385168552399,
          0.1186036616563797,
          0.11556856334209442,
          0.12633399665355682,
          0.1334659457206726,
          0.1436384618282318,
          0.14681395888328552,
          0.14693120121955872,
          0.16073140501976013,
          1.0
        ]
      ]
    },
    "512": {
      "overlap_matrix": [
        [
          1.0,
          0.1982278674840927,
          0.1508510261774063,
          0.10940194129943848,
          0.11063269525766373,
          0.1034640520811081,
          0.1026470884680748,
          0.0886724665760994,
          0.08362018316984177,
          0.09735160320997238,
          0.09083209931850433,
          0.08878044784069061,
          0.08510948717594147,
          0.0832306444644928,
          0.07518543303012848,
          0.07881476730108261,
          0.07115481048822403,
          0.07753342390060425,
          0.07653441280126572,
          0.07534871995449066,
          0.0802878886461258,
          0.07934144884347916,
          0.07359732687473297,
          0.07170961797237396
        ],
        [
          0.1982278674840927,
          1.0,
          0.2519298195838928,
          0.18072158098220825,
          0.144236221909523,
          0.14013618230819702,
          0.11016424000263214,
          0.12589599192142487,
          0.0930781289935112,
          0.09685572236776352,
          0.08941351622343063,
          0.08810644596815109,
          0.08283849060535431,
          0.08701590448617935,
          0.08021105825901031,
          0.09093983471393585,
          0.08816571533679962,
          0.07695804536342621,
          0.08806364238262177,
          0.0879763811826706,
          0.08997084945440292,
          0.08368790149688721,
          0.09269658476114273,
          0.08857996016740799
        ],
        [
          0.1508510261774063,
          0.2519298195838928,
          1.0,
          0.2685297429561615,
          0.19392096996307373,
          0.20058684051036835,
          0.16748180985450745,
          0.14236725866794586,
          0.1350611001253128,
          0.1306266486644745,
          0.1231391653418541,
          0.10907489061355591,
          0.11091931164264679,
          0.10936374962329865,
          0.09823501855134964,
          0.10508837550878525,
          0.10329971462488174,
          0.09468136727809906,
          0.10431113094091415,
          0.10791250318288803,
          0.12115021795034409,
          0.12981191277503967,
          0.12133107334375381,
          0.12604311108589172
        ],
        [
          0.10940194129943848,
          0.18072158098220825,
          0.2685297429561615,
          1.0,
          0.2881234288215637,
          0.23544350266456604,
          0.1920846849679947,
          0.16718241572380066,
          0.1493401825428009,
          0.14230963587760925,
          0.13666880130767822,
          0.12385408580303192,
          0.12388275563716888,
          0.11332855373620987,
          0.09997792541980743,
          0.1173289567232132,
          0.10461711883544922,
          0.10911266505718231,
          0.09905607253313065,
          0.1068510040640831,
          0.1218823567032814,
          0.12351477146148682,
          0.12985779345035553,
          0.14130301773548126
        ],
        [
          0.11063269525766373,
          0.144236221909523,
          0.19392096996307373,
          0.2881234288215637,
          1.0,
          0.3356662392616272,
          0.28301143646240234,
          0.22644320130348206,
          0.20153585076332092,
          0.17766043543815613,
          0.17315267026424408,
          0.1554131954908371,
          0.15253230929374695,
          0.13931263983249664,
          0.12508931756019592,
          0.14220552146434784,
          0.12994518876075745,
          0.1374010145664215,
          0.14365367591381073,
          0.15711423754692078,
          0.16396751999855042,
          0.1775527447462082,
          0.17252472043037415,
          0.18281766772270203
        ],
        [
          0.1034640520811081,
