{
  "model": "1b",
  "model_name": "EleutherAI/pythia-1b",
  "n_layers": 16,
  "d_model": 2048,
  "k": 10,
  "checkpoints": {
    "0": {
      "overlap_matrix": [
        [
          1.0,
          0.05505756661295891,
          0.06715798377990723,
          0.06535060703754425,
          0.06611216813325882,
          0.056747276335954666,
          0.06106873229146004,
          0.054379306733608246,
          0.05445102974772453,
          0.05770372226834297,
          0.06248920410871506,
          0.06627464294433594,
          0.05892646312713623,
          0.05624333769083023,
          0.05865979194641113,
          0.06167294457554817
        ],
        [
          0.05505756661295891,
          1.0,
          0.05401237681508064,
          0.06150107458233833,
          0.06069840118288994,
          0.060368020087480545,
          0.050284773111343384,
          0.05361729860305786,
          0.058312226086854935,
          0.06030479073524475,
          0.06033167988061905,
          0.05746709182858467,
          0.05997418612241745,
          0.05840960144996643,
          0.05932379886507988,
          0.058371223509311676
        ],
        [
          0.06715798377990723,
          0.05401237681508064,
          1.0,
          0.06084871292114258,
          0.05617649108171463,
          0.05853017419576645,
          0.0553051121532917,
          0.05061546713113785,
          0.05929163098335266,
          0.057737886905670166,
          0.06287042796611786,
          0.050279922783374786,
          0.0658259242773056,
          0.05368164926767349,
          0.06655742228031158,
          0.0644577145576477
        ],
        [
          0.06535060703754425,
          0.06150107458233833,
          0.06084871292114258,
          1.0,
          0.05405997112393379,
          0.05216754600405693,
          0.06337468326091766,
          0.061101336032152176,
          0.05413933843374252,
          0.059726692736148834,
          0.06321461498737335,
          0.056467533111572266,
          0.05193990468978882,
          0.06307552754878998,
          0.057871460914611816,
          0.05898366495966911
        ],
        [
          0.06611216813325882,
          0.06069840118288994,
          0.05617649108171463,
          0.05405997112393379,
          1.0,
          0.06006322056055069,
          0.053593892604112625,
          0.06662652641534805,
          0.056851159781217575,
          0.063695028424263,
          0.05337149649858475,
          0.0551384799182415,
          0.06266748905181885,
          0.05356749892234802,
          0.06088651344180107,
          0.05902581289410591
        ],
        [
          0.056747276335954666,
          0.060368020087480545,
          0.05853017419576645,
          0.05216754600405693,
          0.06006322056055069,
          1.0,
          0.058437246829271317,
          0.062050960958004,
          0.06228435039520264,
          0.0583336241543293,
          0.05806449055671692,
          0.05378890782594681,
          0.06752213835716248,
          0.05571427941322327,
          0.058071382343769073,
          0.06064995005726814
        ],
        [
          0.06106873229146004,
          0.050284773111343384,
          0.0553051121532917,
          0.06337468326091766,
          0.053593892604112625,
          0.058437246829271317,
          1.0,
          0.054153453558683395,
          0.06559756398200989,
          0.05790818855166435,
          0.05865420028567314,
          0.06488005816936493,
          0.06754227727651596,
          0.06254379451274872,
          0.06202407553792,
          0.06204177066683769
        ],
        [
          0.054379306733608246,
          0.05361729860305786,
          0.05061546713113785,
          0.061101336032152176,
          0.06662652641534805,
          0.062050960958004,
          0.054153453558683395,
          1.0,
          0.05837688967585564,
          0.058098893612623215,
          0.06109024956822395,
          0.05973363667726517,
          0.060991477221250534,
          0.06383401155471802,
          0.06447956711053848,
          0.05885682255029678
        ],
        [
          0.05445102974772453,
          0.058312226086854935,
          0.05929163098335266,
          0.05413933843374252,
          0.056851159781217575,
          0.06228435039520264,
          0.06559756398200989,
          0.05837688967585564,
          1.0,
          0.05937300994992256,
          0.06067189574241638,
          0.0632132738828659,
          0.06151685118675232,
          0.06080041080713272,
          0.0638333186507225,
          0.05921612307429314
        ],
        [
          0.05770372226834297,
          0.06030479073524475,
          0.057737886905670166,
          0.059726692736148834,
          0.063695028424263,
          0.0583336241543293,
          0.05790818855166435,
          0.058098893612623215,
          0.05937300994992256,
          1.0,
          0.054683804512023926,
          0.05439993739128113,
          0.06122712418437004,
          0.05936582759022713,
          0.051562655717134476,
          0.06017017364501953
        ],
        [
          0.06248920410871506,
          0.06033167988061905,
          0.06287042796611786,
          0.06321461498737335,
          0.05337149649858475,
          0.05806449055671692,
          0.05865420028567314,
          0.06109024956822395,
          0.06067189574241638,
          0.054683804512023926,
          1.0,
          0.05919096618890762,
          0.06257098913192749,
          0.05946897342801094,
          0.05335415527224541,
          0.05940554291009903
        ],
        [
          0.06627464294433594,
          0.05746709182858467,
          0.050279922783374786,
          0.056467533111572266,
          0.0551384799182415,
          0.05378890782594681,
          0.06488005816936493,
          0.05973363667726517,
          0.0632132738828659,
          0.05439993739128113,
          0.05919096618890762,
          1.0,
          0.06512395292520523,
          0.05597474426031113,
          0.06333942711353302,
          0.054412372410297394
        ],
        [
          0.05892646312713623,
          0.05997418612241745,
          0.0658259242773056,
          0.05193990468978882,
          0.06266748905181885,
          0.06752213835716248,
          0.06754227727651596,
          0.060991477221250534,
          0.06151685118675232,
          0.06122712418437004,
          0.06257098913192749,
          0.06512395292520523,
          1.0,
          0.044874630868434906,
          0.05119399353861809,
          0.063201904296875
        ],
        [
          0.05624333769083023,
          0.05840960144996643,
          0.05368164926767349,
          0.06307552754878998,
          0.05356749892234802,
          0.05571427941322327,
          0.06254379451274872,
          0.06383401155471802,
          0.06080041080713272,
          0.05936582759022713,
          0.05946897342801094,
          0.05597474426031113,
          0.044874630868434906,
          1.0,
          0.05816470831632614,
          0.05370140075683594
        ],
        [
          0.05865979194641113,
          0.05932379886507988,
          0.06655742228031158,
          0.057871460914611816,
          0.06088651344180107,
          0.058071382343769073,
          0.06202407553792,
          0.06447956711053848,
          0.0638333186507225,
          0.051562655717134476,
          0.05335415527224541,
          0.06333942711353302,
          0.05119399353861809,
          0.05816470831632614,
          1.0,
          0.06514062732458115
        ],
        [
          0.06167294457554817,
          0.058371223509311676,
          0.0644577145576477,
          0.05898366495966911,
          0.05902581289410591,
          0.06064995005726814,
          0.06204177066683769,
          0.05885682255029678,
          0.05921612307429314,
          0.06017017364501953,
          0.05940554291009903,
          0.054412372410297394,
          0.063201904296875,
          0.05370140075683594,
          0.06514062732458115,
          1.0
        ]
      ]
    },
    "128": {
      "overlap_matrix": [
        [
          1.0,
          0.07957769185304642,
          0.07377573847770691,
          0.07876725494861603,
          0.0679178386926651,
          0.05781536176800728,
          0.06575406342744827,
          0.06258157640695572,
          0.060760386288166046,
          0.0519440583884716,
          0.05493924766778946,
          0.059405554085969925,
          0.06293229758739471,
          0.05444217845797539,
          0.05369389057159424,
          0.05322818085551262
        ],
        [
          0.07957769185304642,
          1.0,
          0.12649044394493103,
          0.09962987154722214,
          0.09056729823350906,
          0.07997008413076401,
          0.06623765826225281,
          0.06909448653459549,
          0.06070508807897568,
          0.06101822108030319,
          0.0695817619562149,
          0.062415726482868195,
          0.06217946484684944,
          0.06532604992389679,
          0.057997364550828934,
          0.059639621526002884
        ],
        [
          0.07377573847770691,
          0.12649044394493103,
          1.0,
          0.12324581295251846,
          0.10285725444555283,
          0.08941753208637238,
          0.08415817469358444,
          0.07837066054344177,
          0.0745461955666542,
          0.06449767202138901,
          0.06658773869276047,
          0.060364168137311935,
          0.06775502115488052,
          0.06186196208000183,
          0.06204330921173096,
          0.0605255588889122
        ],
        [
          0.07876725494861603,
          0.09962987154722214,
          0.12324581295251846,
          1.0,
          0.10321424901485443,
          0.09152466058731079,
          0.09493537247180939,
          0.09047755599021912,
          0.08028590679168701,
          0.07616317272186279,
          0.07367010414600372,
          0.06650801002979279,
          0.06123163551092148,
          0.06659021973609924,
          0.05981815978884697,
          0.07012595981359482
        ],
        [
          0.0679178386926651,
          0.09056729823350906,
          0.10285725444555283,
          0.10321424901485443,
          1.0,
          0.10466289520263672,
          0.08890721201896667,
          0.08891989290714264,
          0.08590717613697052,
          0.0752355307340622,
          0.0721145048737526,
          0.07809964567422867,
          0.07089383900165558,
          0.07480387389659882,
          0.07295959442853928,
          0.07487337291240692
        ],
        [
          0.05781536176800728,
          0.07997008413076401,
          0.08941753208637238,
          0.09152466058731079,
          0.10466289520263672,
          1.0,
          0.0974564403295517,
          0.10019763559103012,
          0.09387669712305069,
          0.09650321304798126,
          0.08624287694692612,
          0.08479832112789154,
          0.08632190525531769,
          0.0812358558177948,
          0.09265460073947906,
          0.09041550755500793
        ],
        [
          0.06575406342744827,
          0.06623765826225281,
          0.08415817469358444,
          0.09493537247180939,
          0.08890721201896667,
          0.0974564403295517,
          1.0,
          0.0947943851351738,
          0.09255193173885345,
          0.09585831314325333,
          0.08557678759098053,
          0.0810958594083786,
          0.08249660581350327,
          0.08347968012094498,
          0.09436499327421188,
          0.08840735256671906
        ],
        [
          0.06258157640695572,
          0.06909448653459549,
          0.07837066054344177,
          0.09047755599021912,
          0.08891989290714264,
          0.10019763559103012,
          0.0947943851351738,
          1.0,
          0.10294103622436523,
          0.11259279400110245,
          0.09978561103343964,
          0.10233145952224731,
          0.09955946356058121,
          0.10444410145282745,
          0.10345058143138885,
          0.09968320280313492
        ],
        [
          0.060760386288166046,
          0.06070508807897568,
          0.0745461955666542,
          0.08028590679168701,
          0.08590717613697052,
          0.09387669712305069,
          0.09255193173885345,
          0.10294103622436523,
          1.0,
          0.11880485713481903,
          0.10977064073085785,
          0.1130940318107605,
          0.11617684364318848,
          0.11070467531681061,
          0.1160225123167038,
          0.1134447455406189
        ],
        [
          0.0519440583884716,
          0.06101822108030319,
          0.06449767202138901,
          0.07616317272186279,
          0.0752355307340622,
          0.09650321304798126,
          0.09585831314325333,
          0.11259279400110245,
          0.11880485713481903,
          1.0,
          0.11824172735214233,
          0.12064288556575775,
          0.12407354265451431,
          0.1232471689581871,
          0.11653262376785278,
          0.12215811014175415
        ],
        [
          0.05493924766778946,
          0.0695817619562149,
          0.06658773869276047,
          0.07367010414600372,
          0.0721145048737526,
          0.08624287694692612,
          0.08557678759098053,
          0.09978561103343964,
          0.10977064073085785,
          0.11824172735214233,
          1.0,
          0.12885239720344543,
          0.1266418993473053,
          0.1300719678401947,
          0.13589826226234436,
          0.13548961281776428
        ],
        [
          0.059405554085969925,
          0.062415726482868195,
          0.060364168137311935,
          0.06650801002979279,
          0.07809964567422867,
          0.08479832112789154,
          0.0810958594083786,
          0.10233145952224731,
          0.1130940318107605,
          0.12064288556575775,
          0.12885239720344543,
          1.0,
          0.14394208788871765,
          0.14029601216316223,
          0.13829198479652405,
          0.14090389013290405
        ],
        [
          0.06293229758739471,
          0.06217946484684944,
          0.06775502115488052,
          0.06123163551092148,
          0.07089383900165558,
          0.08632190525531769,
          0.08249660581350327,
          0.09955946356058121,
          0.11617684364318848,
          0.12407354265451431,
          0.1266418993473053,
          0.14394208788871765,
          1.0,
          0.1465565264225006,
          0.15195485949516296,
          0.15144377946853638
        ],
        [
          0.05444217845797539,
          0.06532604992389679,
          0.06186196208000183,
          0.06659021973609924,
          0.07480387389659882,
          0.0812358558177948,
          0.08347968012094498,
          0.10444410145282745,
          0.11070467531681061,
          0.1232471689581871,
          0.1300719678401947,
          0.14029601216316223,
          0.1465565264225006,
          1.0,
          0.17187878489494324,
          0.15946434438228607
        ],
        [
          0.05369389057159424,
          0.057997364550828934,
          0.06204330921173096,
          0.05981815978884697,
          0.07295959442853928,
          0.09265460073947906,
          0.09436499327421188,
          0.10345058143138885,
          0.1160225123167038,
          0.11653262376785278,
          0.13589826226234436,
          0.13829198479652405,
          0.15195485949516296,
          0.17187878489494324,
          1.0,
          0.18041673302650452
        ],
        [
          0.05322818085551262,
          0.059639621526002884,
          0.0605255588889122,
          0.07012595981359482,
          0.07487337291240692,
          0.09041550755500793,
          0.08840735256671906,
          0.09968320280313492,
          0.1134447455406189,
          0.12215811014175415,
          0.13548961281776428,
          0.14090389013290405,
          0.15144377946853638,
          0.15946434438228607,
          0.18041673302650452,
          1.0
        ]
      ]
    },
    "512": {
      "overlap_matrix": [
        [
          1.0,
          0.2350274622440338,
          0.15181198716163635,
          0.08623252809047699,
          0.10050348937511444,
          0.1013471707701683,
          0.1048574224114418,
          0.09874527156352997,
          0.0887383222579956,
          0.08690552413463593,
          0.08683496713638306,
          0.0935727059841156,
          0.09249941259622574,
          0.09377656131982803,
          0.09595036506652832,
          0.09527359902858734
        ],
        [
          0.2350274622440338,
          1.0,
          0.33176881074905396,
          0.11513417959213257,
          0.11374954134225845,
          0.11570081859827042,
          0.1108340248465538,
          0.10425969213247299,
          0.11594526469707489,
          0.0934310182929039,
          0.09968884289264679,
          0.104237399995327,
          0.09769456833600998,
          0.12104682624340057,
          0.11564455181360245,
          0.12336260080337524
        ],
        [
          0.15181198716163635,
          0.33176881074905396,
          1.0,
          0.14844277501106262,
          0.13167157769203186,
          0.11219052225351334,
          0.11364316940307617,
          0.09686990082263947,
          0.11068836599588394,
          0.09979501366615295,
          0.10752509534358978,
          0.10007026046514511,
          0.10879167169332504,
          0.11555018275976181,
          0.10539094358682632,
          0.1294986754655838
        ],
        [
          0.08623252809047699,
          0.11513417959213257,
          0.14844277501106262,
          1.0,
          0.1699167788028717,
          0.1350104659795761,
          0.1298769861459732,
          0.11301638931035995,
          0.1184343546628952,
          0.10729052871465683,
          0.10486561059951782,
          0.0921659916639328,
          0.10607405751943588,
          0.10639922320842743,
          0.10225547850131989,
          0.11096817255020142
        ],
        [
          0.10050348937511444,
          0.11374954134225845,
          0.13167157769203186,
          0.1699167788028717,
          1.0,
          0.2652459144592285,
          0.20855367183685303,
          0.16135868430137634,
          0.15463702380657196,
          0.14543841779232025,
          0.13048002123832703,
          0.12326385080814362,
          0.11765576899051666,
          0.13587461411952972,
          0.1540105789899826,
          0.16127383708953857
        ],
        [
          0.1013471707701683,
          0.11570081859827042,
          0.11219052225351334,
          0.1350104659795761,
          0.2652459144592285,
          1.0,
          0.310429185628891,
          0.25058215856552124,
          0.20156364142894745,
          0.18674920499324799,
          0.177006334066391,
          0.1579834669828415,
          0.16705358028411865,
          0.18708546459674835,
          0.1999889314174652,
          0.2155344933271408
        ],
        [
          0.1048574224114418,
          0.1108340248465538,
          0.11364316940307617,
          0.1298769861459732,
          0.20855367183685303,
          0.310429185628891,
          1.0,
          0.3053852617740631,
          0.26127368211746216,
          0.26191893219947815,
          0.2102944552898407,
          0.19296793639659882,
          0.20015373826026917,
          0.2270413339138031,
          0.211834117770195,
          0.24346521496772766
        ],
        [
          0.09874527156352997,
          0.10425969213247299,
          0.09686990082263947,
          0.11301638931035995,
          0.16135868430137634,
          0.25058215856552124,
          0.3053852617740631,
          1.0,
          0.33873462677001953,
          0.3150160312652588,
          0.24574272334575653,
          0.22641141712665558,
          0.2041161060333252,
          0.2212848663330078,
          0.23484757542610168,
          0.24462397396564484
        ],
        [
          0.0887383222579956,
          0.11594526469707489,
          0.11068836599588394,
          0.1184343546628952,
          0.15463702380657196,
          0.20156364142894745,
          0.26127368211746216,
          0.33873462677001953,
          1.0,
          0.41635578870773315,
          0.3531927466392517,
          0.2891843020915985,
          0.27066805958747864,
          0.2662796080112457,
          0.26236623525619507,
          0.2871623635292053
        ],
        [
          0.08690552413463593,
          0.0934310182929039,
          0.09979501366615295,
          0.10729052871465683,
          0.14543841779232025,
          0.18674920499324799,
          0.26191893219947815,
          0.3150160312652588,
          0.41635578870773315,
          1.0,
          0.39827248454093933,
          0.31950825452804565,
          0.29572033882141113,
          0.2872099280357361,
          0.2574772834777832,
          0.26760250329971313
        ],
        [
          0.08683496713638306,
          0.09968884289264679,
          0.10752509534358978,
          0.10486561059951782,
          0.13048002123832703,
          0.177006334066391,
          0.2102944552898407,
          0.24574272334575653,
          0.3531927466392517,
          0.39827248454093933,
          1.0,
          0.37591248750686646,
          0.3333365321159363,
          0.2901586890220642,
          0.27676668763160706,
          0.2904638946056366
        ],
        [
          0.0935727059841156,
          0.104237399995327,
          0.10007026046514511,
          0.0921659916639328,
          0.12326385080814362,
          0.1579834669828415,
          0.19296793639659882,
          0.22641141712665558,
          0.2891843020915985,
          0.31950825452804565,
          0.37591248750686646,
          1.0,
          0.3881914019584656,
          0.33673420548439026,
          0.3072482943534851,
          0.31540998816490173
        ],
        [
          0.09249941259622574,
          0.09769456833600998,
          0.10879167169332504,
          0.10607405751943588,
          0.11765576899051666,
          0.16705358028411865,
          0.20015373826026917,
          0.2041161060333252,
          0.27066805958747864,
          0.29572033882141113,
          0.3333365321159363,
          0.3881914019584656,
          1.0,
          0.39091402292251587,
          0.3542371392250061,
          0.3311113715171814
        ],
        [
          0.09377656131982803,
          0.12104682624340057,
          0.11555018275976181,
          0.10639922320842743,
          0.13587461411952972,
          0.18708546459674835,
          0.2270413339138031,
          0.2212848663330078,
          0.2662796080112457,
          0.2872099280357361,
          0.2901586890220642,
          0.33673420548439026,
          0.39091402292251587,
          1.0,
          0.43141427636146545,
          0.41427236795425415
        ],
        [
          0.09595036506652832,
          0.11564455181360245,
          0.10539094358682632,
          0.10225547850131989,
          0.1540105789899826,
          0.1999889314174652,
          0.211834117770195,
          0.23484757542610168,
          0.26236623525619507,
          0.2574772834777832,
          0.27676668763160706,
          0.3072482943534851,
          0.3542371392250061,
          0.43141427636146545,
          1.0,
          0.5654429197311401
        ],
        [
          0.09527359902858734,
          0.12336260080337524,
          0.1294986754655838,
          0.11096817255020142,
          0.16127383708953857,
          0.2155344933271408,
          0.24346521496772766,
          0.24462397396564484,
          0.2871623635292053,
          0.26760250329971313,
          0.2904638946056366,
          0.31540998816490173,
          0.3311113715171814,
          0.41427236795425415,
          0.5654429197311401,
          1.0
        ]
      ]
    },
    "2000": {
      "overlap_matrix": [
        [
          1.0,
          0.12498593330383301,
          0.1358652114868164,
          0.10337425768375397,
          0.08284195512533188,
          0.08150126039981842,
          0.07444064319133759,
          0.07662209123373032,
          0.0661967545747757,
          0.06329084932804108,
          0.06862887740135193,
          0.06348924338817596,
          0.05978768318891525,
          0.06163385510444641,
          0.060359615832567215,
          0.05804576352238655
        ],
        [
          0.12498593330383301,
          1.0,
          0.29645875096321106,
          0.21168193221092224,
          0.14362776279449463,
          0.1329590380191803,
          0.11740420758724213,
          0.11305949836969376,
          0.09749214351177216,
          0.08873157948255539,
          0.08339525759220123,
          0.07800550758838654,
          0.07315342128276825,
          0.07084798812866211,
          0.06488314270973206,
          0.07725066691637039
        ],
        [
          0.1358652114868164,
          0.29645875096321106,
          1.0,
          0.40203016996383667,
          0.2685007154941559,
          0.19486936926841736,
          0.15407168865203857,
          0.13218803703784943,
          0.11399749666452408,
          0.10151173919439316,
          0.09888119250535965,
          0.0933610200881958,
          0.08959104865789413,
          0.08856526017189026,
          0.08346114307641983,
          0.0909089520573616
        ],
        [
          0.10337425768375397,
          0.21168193221092224,
          0.40203016996383667,
          1.0,
          0.3668863773345947,
          0.2883607745170593,
          0.2464110106229782,
          0.21643558144569397,
          0.17029662430286407,
          0.15412098169326782,
          0.10513204336166382,
          0.10443733632564545,
          0.10859157890081406,
          0.10397765785455704,
          0.09470529854297638,
          0.10303445905447006
        ],
        [
          0.08284195512533188,
          0.14362776279449463,
          0.2685007154941559,
          0.3668863773345947,
          1.0,
          0.46480923891067505,
          0.39472538232803345,
          0.3296889662742615,
          0.23532220721244812,
          0.18125639855861664,
          0.13467824459075928,
          0.1270497441291809,
          0.11631383746862411,
          0.12630458176136017,
          0.12490645796060562,
          0.1464875340461731
        ],
        [
          0.08150126039981842,
          0.1329590380191803,
          0.19486936926841736,
          0.2883607745170593,
          0.46480923891067505,
          1.0,
          0.47192978858947754,
          0.3848266005516052,
          0.2993707060813904,
          0.2525675594806671,
          0.19788168370723724,
          0.17233625054359436,
          0.14096005260944366,
          0.14365243911743164,
          0.13580265641212463,
          0.1574767678976059
        ],
        [
          0.07444064319133759,
          0.11740420758724213,
          0.15407168865203857,
          0.2464110106229782,
          0.39472538232803345,
          0.47192978858947754,
          1.0,
          0.4733543395996094,
          0.3372172713279724,
          0.26260292530059814,
          0.22292950749397278,
          0.18416473269462585,
          0.17812654376029968,
          0.15784664452075958,
          0.1266757696866989,
          0.16746075451374054
        ],
        [
          0.07662209123373032,
          0.11305949836969376,
          0.13218803703784943,
          0.21643558144569397,
          0.3296889662742615,
          0.3848266005516052,
          0.4733543395996094,
          1.0,
          0.4872474670410156,
          0.3856258988380432,
          0.3066195249557495,
          0.24884383380413055,
          0.21238210797309875,
          0.19262368977069855,
          0.19619575142860413,
          0.22580282390117645
        ],
        [
          0.0661967545747757,
          0.09749214351177216,
          0.11399749666452408,
          0.17029662430286407,
          0.23532220721244812,
          0.2993707060813904,
          0.3372172713279724,
          0.4872474670410156,
          1.0,
          0.5359419584274292,
          0.41934847831726074,
          0.3468892574310303,
          0.28557080030441284,
          0.21899011731147766,
          0.19862470030784607,
          0.19380220770835876
        ],
        [
          0.06329084932804108,
          0.08873157948255539,
          0.10151173919439316,
          0.15412098169326782,
          0.18125639855861664,
          0.2525675594806671,
          0.26260292530059814,
          0.3856258988380432,
          0.5359419584274292,
          1.0,
          0.5472404956817627,
          0.45179733633995056,
          0.4067854881286621,
          0.3001543879508972,
          0.24141475558280945,
          0.19196079671382904
        ],
        [
          0.06862887740135193,
          0.08339525759220123,
          0.09888119250535965,
          0.10513204336166382,
          0.13467824459075928,
          0.19788168370723724,
          0.22292950749397278,
          0.3066195249557495,
          0.41934847831726074,
          0.5472404956817627,
          1.0,
          0.563958466053009,
          0.42657414078712463,
          0.3335629999637604,
          0.25635892152786255,
          0.1847265064716339
        ],
        [
          0.06348924338817596,
          0.07800550758838654,
          0.0933610200881958,
          0.10443733632564545,
          0.1270497441291809,
          0.17233625054359436,
          0.18416473269462585,
          0.24884383380413055,
          0.3468892574310303,
          0.45179733633995056,
          0.563958466053009,
          1.0,
          0.5807727575302124,
          0.41795772314071655,
          0.3480285108089447,
          0.1989094316959381
        ],
        [
          0.05978768318891525,
          0.07315342128276825,
          0.08959104865789413,
          0.10859157890081406,
          0.11631383746862411,
          0.14096005260944366,
          0.17812654376029968,
          0.21238210797309875,
          0.28557080030441284,
          0.4067854881286621,
          0.42657414078712463,
          0.5807727575302124,
          1.0,
          0.5180236101150513,
          0.4190998077392578,
          0.22002418339252472
        ],
        [
          0.06163385510444641,
          0.07084798812866211,
          0.08856526017189026,
          0.10397765785455704,
          0.12630458176136017,
          0.14365243911743164,
          0.15784664452075958,
          0.19262368977069855,
          0.21899011731147766,
          0.3001543879508972,
          0.3335629999637604,
          0.41795772314071655,
          0.5180236101150513,
          1.0,
          0.5380004644393921,
          0.2731885612010956
        ],
        [
          0.060359615832567215,
          0.06488314270973206,
          0.08346114307641983,
          0.09470529854297638,
          0.12490645796060562,
          0.13580265641212463,
          0.1266757696866989,
          0.19619575142860413,
          0.19862470030784607,
          0.24141475558280945,
          0.25635892152786255,
          0.3480285108089447,
          0.4190998077392578,
          0.5380004644393921,
          1.0,
          0.35823696851730347
        ],
        [
          0.05804576352238655,
          0.07725066691637039,
          0.0909089520573616,
          0.10303445905447006,
          0.1464875340461731,
          0.1574767678976059,
          0.16746075451374054,
          0.22580282390117645,
          0.19380220770835876,
          0.19196079671382904,
          0.1847265064716339,
          0.1989094316959381,
          0.22002418339252472,
          0.2731885612010956,
          0.35823696851730347,
          1.0
        ]
      ]
    },
    "8000": {
      "overlap_matrix": [
        [
          1.0,
          0.1371917426586151,
          0.14686641097068787,
          0.16334006190299988,
          0.13378290832042694,
          0.1415306031703949,
          0.10401119291782379,
          0.10118275880813599,
          0.09492212533950806,
          0.08727723360061646,
          0.09928061813116074,
          0.10574394464492798,
          0.08066519349813461,
          0.1094857007265091,
          0.11851871013641357,
          0.1180136650800705
        ],
        [
          0.1371917426586151,
          1.0,
          0.43512052297592163,
          0.3576276898384094,
          0.16265052556991577,
          0.1593565195798874,
          0.14556564390659332,
          0.1255737990140915,
          0.1235053539276123,
          0.132343590259552,
          0.12504999339580536,
          0.1204654723405838,
          0.11085700988769531,
          0.1245424747467041,
          0.11251495778560638,
          0.1074497327208519
        ],
        [
          0.14686641097068787,
          0.43512052297592163,
          1.0,
          0.5243847370147705,
          0.30372142791748047,
          0.2577816843986511,
          0.2177674025297165,
          0.18544845283031464,
          0.18509438633918762,
          0.18697243928909302,
          0.15033912658691406,
          0.15501883625984192,
          0.14600904285907745,
          0.1565113365650177,
          0.13486644625663757,
          0.11535823345184326
        ],
        [
          0.16334006190299988,
          0.3576276898384094,
          0.5243847370147705,
          1.0,
          0.41776424646377563,
          0.40088915824890137,
          0.35737547278404236,
          0.2788937985897064,
          0.2752108573913574,
          0.2521946132183075,
          0.20681437849998474,
          0.19870495796203613,
          0.1769760549068451,
          0.22828689217567444,
          0.19484375417232513,
          0.17701055109500885
        ],
        [
          0.13378290832042694,
          0.16265052556991577,
          0.30372142791748047,
          0.41776424646377563,
          1.0,
          0.5618878602981567,
          0.49079418182373047,
          0.40744534134864807,
          0.3335801362991333,
          0.32447847723960876,
          0.25311216711997986,
          0.20431837439537048,
          0.19572784006595612,
          0.23287200927734375,
          0.2143857181072235,
          0.21344788372516632
        ],
        [
          0.1415306031703949,
          0.1593565195798874,
          0.2577816843986511,
          0.40088915824890137,
          0.5618878602981567,
          1.0,
          0.5672222375869751,
          0.46059614419937134,
          0.41657859086990356,
          0.3760610520839691,
          0.3072032630443573,
          0.24550879001617432,
          0.20163078606128693,
          0.238378643989563,
          0.21277597546577454,
          0.2203395813703537
        ],
        [
          0.10401119291782379,
          0.14556564390659332,
          0.2177674025297165,
          0.35737547278404236,
          0.49079418182373047,
          0.5672222375869751,
          1.0,
          0.5566827654838562,
          0.4835899770259857,
          0.45170554518699646,
          0.3107224404811859,
          0.23554733395576477,
          0.22688820958137512,
          0.2406817376613617,
          0.2086685597896576,
          0.1947876662015915
        ],
        [
          0.10118275880813599,
          0.1255737990140915,
          0.18544845283031464,
          0.2788937985897064,
          0.40744534134864807,
          0.46059614419937134,
          0.5566827654838562,
          1.0,
          0.4966941773891449,
          0.507487416267395,
          0.4131966531276703,
          0.28469720482826233,
          0.2521851658821106,
          0.27678897976875305,
          0.25864195823669434,
          0.2219909429550171
        ],
        [
          0.09492212533950806,
          0.1235053539276123,
          0.18509438633918762,
          0.2752108573913574,
          0.3335801362991333,
          0.41657859086990356,
          0.4835899770259857,
          0.4966941773891449,
          1.0,
          0.5638899803161621,
          0.468573659658432,
          0.3950786888599396,
          0.3363505005836487,
          0.3213128447532654,
          0.28313320875167847,
          0.2469041347503662
        ],
        [
          0.08727723360061646,
          0.132343590259552,
          0.18697243928909302,
          0.2521946132183075,
          0.32447847723960876,
          0.3760610520839691,
          0.45170554518699646,
          0.507487416267395,
          0.5638899803161621,
          1.0,
          0.525360643863678,
          0.4381977915763855,
          0.39731520414352417,
          0.3616355061531067,
          0.3014516532421112,
          0.2614491879940033
        ],
        [
          0.09928061813116074,
          0.12504999339580536,
          0.15033912658691406,
          0.20681437849998474,
          0.25311216711997986,
          0.3072032630443573,
          0.3107224404811859,
          0.4131966531276703,
          0.468573659658432,
          0.525360643863678,
          1.0,
          0.5160865783691406,
          0.4262281060218811,
          0.3706105351448059,
          0.33145755529403687,
          0.29298144578933716
        ],
        [
          0.10574394464492798,
          0.1204654723405838,
          0.15501883625984192,
          0.19870495796203613,
          0.20431837439537048,
          0.24550879001617432,
          0.23554733395576477,
          0.28469720482826233,
          0.3950786888599396,
          0.4381977915763855,
          0.5160865783691406,
          1.0,
          0.452364981174469,
          0.39183467626571655,
          0.34607991576194763,
          0.3061148524284363
        ],
        [
          0.08066519349813461,
          0.11085700988769531,
          0.14600904285907745,
          0.1769760549068451,
          0.19572784006595612,
          0.20163078606128693,
          0.22688820958137512,
          0.2521851658821106,
          0.3363505005836487,
          0.39731520414352417,
          0.4262281060218811,
          0.452364981174469,
          1.0,
          0.4689452648162842,
          0.3884509801864624,
          0.31205859780311584
        ],
        [
          0.1094857007265091,
          0.1245424747467041,
          0.1565113365650177,
          0.22828689217567444,
          0.23287200927734375,
          0.238378643989563,
          0.2406817376613617,
          0.27678897976875305,
          0.3213128447532654,
          0.3616355061531067,
          0.3706105351448059,
          0.39183467626571655,
          0.4689452648162842,
          1.0,
          0.48377394676208496,
          0.35330331325531006
        ],
        [
          0.11851871013641357,
          0.11251495778560638,
          0.13486644625663757,
          0.19484375417232513,
          0.2143857181072235,
          0.21277597546577454,
          0.2086685597896576,
          0.25864195823669434,
          0.28313320875167847,
          0.3014516532421112,
          0.33145755529403687,
          0.34607991576194763,
          0.3884509801864624,
          0.48377394676208496,
          1.0,
          0.5288681983947754
        ],
        [
          0.1180136650800705,
          0.1074497327208519,
          0.11535823345184326,
          0.17701055109500885,
          0.21344788372516632,
          0.2203395813703537,
          0.1947876662015915,
          0.2219909429550171,
          0.2469041347503662,
          0.2614491879940033,
          0.29298144578933716,
          0.3061148524284363,
          0.31205859780311584,
