{
  "model": "410m",
  "model_name": "EleutherAI/pythia-410m",
  "n_layers": 24,
  "d_model": 1024,
  "k": 10,
  "checkpoints": {
    "0": {
      "overlap_matrix": [
        [
          1.0,
          0.08803759515285492,
          0.08945508301258087,
          0.08024188876152039,
          0.08034578710794449,
          0.09307399392127991,
          0.08361569792032242,
          0.07580393552780151,
          0.07777135819196701,
          0.07679049670696259,
          0.08336739242076874,
          0.08610009402036667,
          0.0880400687456131,
          0.09719929099082947,
          0.0868527963757515,
          0.07637295871973038,
          0.08915771543979645,
          0.07335321605205536,
          0.08402874320745468,
          0.09225741028785706,
          0.07465901225805283,
          0.08549043536186218,
          0.07741497457027435,
          0.08767890185117722
        ],
        [
          0.08803759515285492,
          1.0,
          0.08061487227678299,
          0.08319929242134094,
          0.07665963470935822,
          0.07410401850938797,
          0.08140559494495392,
          0.07092387974262238,
          0.08030057698488235,
          0.08316563814878464,
          0.08061309903860092,
          0.08640766143798828,
          0.09047535061836243,
          0.0790337398648262,
          0.081597238779068,
          0.08497236669063568,
          0.07224631309509277,
          0.09138043224811554,
          0.0923209935426712,
          0.08428075164556503,
          0.08327208459377289,
          0.08481551706790924,
          0.0719527006149292,
          0.09165790677070618
        ],
        [
          0.08945508301258087,
          0.08061487227678299,
          1.0,
          0.08917468041181564,
          0.07550595700740814,
          0.09040752798318863,
          0.08548779785633087,
          0.08504553139209747,
          0.086310476064682,
          0.09030912816524506,
          0.07385989278554916,
          0.0804615318775177,
          0.0861106812953949,
          0.08471773564815521,
          0.08656445890665054,
          0.08470069617033005,
          0.07254893332719803,
          0.0781695768237114,
          0.07816578447818756,
          0.07851390540599823,
          0.08072784543037415,
          0.0854468047618866,
          0.0719439685344696,
          0.09037710726261139
        ],
        [
          0.08024188876152039,
          0.08319929242134094,
          0.08917468041181564,
          1.0,
          0.08401079475879669,
          0.07813495397567749,
          0.08289914578199387,
          0.09244363009929657,
          0.08867810666561127,
          0.08089666813611984,
          0.07717488706111908,
          0.08353152126073837,
          0.08179271221160889,
          0.08489478379487991,
          0.08444942533969879,
          0.09102369844913483,
          0.08503389358520508,
          0.09204694628715515,
          0.07275040447711945,
          0.08953769505023956,
          0.0750066265463829,
          0.08629891276359558,
          0.07875358313322067,
          0.09122159332036972
        ],
        [
          0.08034578710794449,
          0.07665963470935822,
          0.07550595700740814,
          0.08401079475879669,
          1.0,
          0.09084828943014145,
          0.090952567756176,
          0.09522303193807602,
          0.07236586511135101,
          0.07908041775226593,
          0.08872201293706894,
          0.08905522525310516,
          0.07826356589794159,
          0.07651529461145401,
          0.07804597914218903,
          0.08892154693603516,
          0.08636420220136642,
          0.0792858749628067,
          0.0814269557595253,
          0.08898306638002396,
          0.08062319457530975,
          0.07977902889251709,
          0.07143433392047882,
          0.08194257318973541
        ],
        [
          0.09307399392127991,
          0.07410401850938797,
          0.09040752798318863,
          0.07813495397567749,
          0.09084828943014145,
          1.0,
          0.07613897323608398,
          0.0805247500538826,
          0.08224163949489594,
          0.07393016666173935,
          0.07138793915510178,
          0.08630378544330597,
          0.08692262321710587,
          0.08584748208522797,
          0.0826486200094223,
          0.0814448818564415,
          0.09238053858280182,
          0.08915532380342484,
          0.08411427587270737,
          0.08282552659511566,
          0.08473262935876846,
          0.08058082312345505,
          0.090080626308918,
          0.08309697359800339
        ],
        [
          0.08361569792032242,
          0.08140559494495392,
          0.08548779785633087,
          0.08289914578199387,
          0.090952567756176,
          0.07613897323608398,
          1.0,
          0.08197660744190216,
          0.07861634343862534,
          0.07834960520267487,
          0.07763659954071045,
          0.09429759532213211,
          0.08520530164241791,
          0.07067921757698059,
          0.08844868838787079,
          0.07781833410263062,
          0.09307200461626053,
          0.09767352044582367,
          0.0816204696893692,
          0.0881807804107666,
          0.08280885964632034,
          0.08356060087680817,
          0.09066303074359894,
          0.0815436914563179
        ],
        [
          0.07580393552780151,
          0.07092387974262238,
          0.08504553139209747,
          0.09244363009929657,
          0.09522303193807602,
          0.0805247500538826,
          0.08197660744190216,
          1.0,
          0.0850188285112381,
          0.07978322356939316,
          0.07934904843568802,
          0.09115895628929138,
          0.0884154736995697,
          0.08980517089366913,
          0.08787389099597931,
          0.0828310176730156,
          0.07180777192115784,
          0.08594296872615814,
          0.06466282159090042,
          0.09463338553905487,
          0.0802532210946083,
          0.0888059064745903,
          0.08782368898391724,
          0.08921176195144653
        ],
        [
          0.07777135819196701,
          0.08030057698488235,
          0.086310476064682,
          0.08867810666561127,
          0.07236586511135101,
          0.08224163949489594,
          0.07861634343862534,
          0.0850188285112381,
          1.0,
          0.08354606479406357,
          0.08604351431131363,
          0.07638369500637054,
          0.08121157437562943,
          0.08889095485210419,
          0.07543011009693146,
          0.09218315780162811,
          0.07917537540197372,
          0.07667557150125504,
          0.08407054096460342,
          0.0859171450138092,
          0.08812473714351654,
          0.07426244020462036,
          0.08064526319503784,
          0.07558606564998627
        ],
        [
          0.07679049670696259,
          0.08316563814878464,
          0.09030912816524506,
          0.08089666813611984,
          0.07908041775226593,
          0.07393016666173935,
          0.07834960520267487,
          0.07978322356939316,
          0.08354606479406357,
          1.0,
          0.08083825558423996,
          0.07408787310123444,
          0.09326199442148209,
          0.08225210011005402,
          0.073590949177742,
          0.09037365019321442,
          0.08519795536994934,
          0.07076994329690933,
          0.08057048916816711,
          0.09414320439100266,
          0.07536621391773224,
          0.091994509100914,
          0.0880151316523552,
          0.07708961516618729
        ],
        [
          0.08336739242076874,
          0.08061309903860092,
          0.07385989278554916,
          0.07717488706111908,
          0.08872201293706894,
          0.07138793915510178,
          0.07763659954071045,
          0.07934904843568802,
          0.08604351431131363,
          0.08083825558423996,
          1.0,
          0.09400374442338943,
          0.07972010970115662,
          0.08359675109386444,
          0.08122450858354568,
          0.08834939450025558,
          0.0863775908946991,
          0.06895750015974045,
          0.08384878188371658,
          0.09594978392124176,
          0.07764552533626556,
          0.07898293435573578,
          0.08727502077817917,
          0.09058783948421478
        ],
        [
          0.08610009402036667,
          0.08640766143798828,
          0.0804615318775177,
          0.08353152126073837,
          0.08905522525310516,
          0.08630378544330597,
          0.09429759532213211,
          0.09115895628929138,
          0.07638369500637054,
          0.07408787310123444,
          0.09400374442338943,
          1.0,
          0.09764879941940308,
          0.06498518586158752,
          0.0803438276052475,
          0.08361677825450897,
          0.07805179059505463,
          0.07455848157405853,
          0.0765257328748703,
          0.08392773568630219,
          0.07449738681316376,
          0.0922282338142395,
          0.08512146770954132,
          0.08417097479104996
        ],
        [
          0.0880400687456131,
          0.09047535061836243,
          0.0861106812953949,
          0.08179271221160889,
          0.07826356589794159,
          0.08692262321710587,
          0.08520530164241791,
          0.0884154736995697,
          0.08121157437562943,
          0.09326199442148209,
          0.07972010970115662,
          0.09764879941940308,
          1.0,
          0.09335310012102127,
          0.08712542057037354,
          0.08434238284826279,
          0.07234741747379303,
          0.08184926211833954,
          0.08474478870630264,
          0.08668308705091476,
          0.09198300540447235,
          0.08276532590389252,
          0.08655139058828354,
          0.07765580713748932
        ],
        [
          0.09719929099082947,
          0.0790337398648262,
          0.08471773564815521,
          0.08489478379487991,
          0.07651529461145401,
          0.08584748208522797,
          0.07067921757698059,
          0.08980517089366913,
          0.08889095485210419,
          0.08225210011005402,
          0.08359675109386444,
          0.06498518586158752,
          0.09335310012102127,
          1.0,
          0.08919840306043625,
          0.08992170542478561,
          0.07233501225709915,
          0.07561878114938736,
          0.07829087227582932,
          0.09761092811822891,
          0.08343303948640823,
          0.09395033866167068,
          0.07930117100477219,
          0.07360339909791946
        ],
        [
          0.0868527963757515,
          0.081597238779068,
          0.08656445890665054,
          0.08444942533969879,
          0.07804597914218903,
          0.0826486200094223,
          0.08844868838787079,
          0.08787389099597931,
          0.07543011009693146,
          0.073590949177742,
          0.08122450858354568,
          0.0803438276052475,
          0.08712542057037354,
          0.08919840306043625,
          1.0,
          0.07146704941987991,
          0.08666075766086578,
          0.08518196642398834,
          0.0725826844573021,
          0.07678110897541046,
          0.06628628075122833,
          0.08289973437786102,
          0.08831684291362762,
          0.08215402066707611
        ],
        [
          0.07637295871973038,
          0.08497236669063568,
          0.08470069617033005,
          0.09102369844913483,
          0.08892154693603516,
          0.0814448818564415,
          0.07781833410263062,
          0.0828310176730156,
          0.09218315780162811,
          0.09037365019321442,
          0.08834939450025558,
          0.08361677825450897,
          0.08434238284826279,
          0.08992170542478561,
          0.07146704941987991,
          1.0,
          0.09132277220487595,
          0.0903112068772316,
          0.08026351034641266,
          0.08381280303001404,
          0.08652783185243607,
          0.07988328486680984,
          0.07656192034482956,
          0.08315955102443695
        ],
        [
          0.08915771543979645,
          0.07224631309509277,
          0.07254893332719803,
          0.08503389358520508,
          0.08636420220136642,
          0.09238053858280182,
          0.09307200461626053,
          0.07180777192115784,
          0.07917537540197372,
          0.08519795536994934,
          0.0863775908946991,
          0.07805179059505463,
          0.07234741747379303,
          0.07233501225709915,
          0.08666075766086578,
          0.09132277220487595,
          1.0,
          0.08643163740634918,
          0.07061129063367844,
          0.07670370489358902,
          0.08242546021938324,
          0.0846634954214096,
          0.09371133148670197,
          0.07709430903196335
        ],
        [
          0.07335321605205536,
          0.09138043224811554,
          0.0781695768237114,
          0.09204694628715515,
          0.0792858749628067,
          0.08915532380342484,
          0.09767352044582367,
          0.08594296872615814,
          0.07667557150125504,
          0.07076994329690933,
          0.06895750015974045,
          0.07455848157405853,
          0.08184926211833954,
          0.07561878114938736,
          0.08518196642398834,
          0.0903112068772316,
          0.08643163740634918,
          1.0,
          0.070956751704216,
          0.08300770819187164,
          0.08037564903497696,
          0.09009923785924911,
          0.0901394858956337,
          0.07959692180156708
        ],
        [
          0.08402874320745468,
          0.0923209935426712,
          0.07816578447818756,
          0.07275040447711945,
          0.0814269557595253,
          0.08411427587270737,
          0.0816204696893692,
          0.06466282159090042,
          0.08407054096460342,
          0.08057048916816711,
          0.08384878188371658,
          0.0765257328748703,
          0.08474478870630264,
          0.07829087227582932,
          0.0725826844573021,
          0.08026351034641266,
          0.07061129063367844,
          0.070956751704216,
          1.0,
          0.08232424408197403,
          0.07544393837451935,
          0.07642213255167007,
          0.0881170779466629,
          0.09001234918832779
        ],
        [
          0.09225741028785706,
          0.08428075164556503,
          0.07851390540599823,
          0.08953769505023956,
          0.08898306638002396,
          0.08282552659511566,
          0.0881807804107666,
          0.09463338553905487,
          0.0859171450138092,
          0.09414320439100266,
          0.09594978392124176,
          0.08392773568630219,
          0.08668308705091476,
          0.09761092811822891,
          0.07678110897541046,
          0.08381280303001404,
          0.07670370489358902,
          0.08300770819187164,
          0.08232424408197403,
          1.0,
          0.07910682260990143,
          0.07663530856370926,
          0.08665233850479126,
          0.07586690783500671
        ],
        [
          0.07465901225805283,
          0.08327208459377289,
          0.08072784543037415,
          0.0750066265463829,
          0.08062319457530975,
          0.08473262935876846,
          0.08280885964632034,
          0.0802532210946083,
          0.08812473714351654,
          0.07536621391773224,
          0.07764552533626556,
          0.07449738681316376,
          0.09198300540447235,
          0.08343303948640823,
          0.06628628075122833,
          0.08652783185243607,
          0.08242546021938324,
          0.08037564903497696,
          0.07544393837451935,
          0.07910682260990143,
          1.0,
          0.08723562955856323,
          0.08608253300189972,
          0.09096542745828629
        ],
        [
          0.08549043536186218,
          0.08481551706790924,
          0.0854468047618866,
          0.08629891276359558,
          0.07977902889251709,
          0.08058082312345505,
          0.08356060087680817,
          0.0888059064745903,
          0.07426244020462036,
          0.091994509100914,
          0.07898293435573578,
          0.0922282338142395,
          0.08276532590389252,
          0.09395033866167068,
          0.08289973437786102,
          0.07988328486680984,
          0.0846634954214096,
          0.09009923785924911,
          0.07642213255167007,
          0.07663530856370926,
          0.08723562955856323,
          1.0,
          0.08285780251026154,
          0.07810257375240326
        ],
        [
          0.07741497457027435,
          0.0719527006149292,
          0.0719439685344696,
          0.07875358313322067,
          0.07143433392047882,
          0.090080626308918,
          0.09066303074359894,
          0.08782368898391724,
          0.08064526319503784,
          0.0880151316523552,
          0.08727502077817917,
          0.08512146770954132,
          0.08655139058828354,
          0.07930117100477219,
          0.08831684291362762,
          0.07656192034482956,
          0.09371133148670197,
          0.0901394858956337,
          0.0881170779466629,
          0.08665233850479126,
          0.08608253300189972,
          0.08285780251026154,
          1.0,
          0.07795369625091553
        ],
        [
          0.08767890185117722,
          0.09165790677070618,
          0.09037710726261139,
          0.09122159332036972,
          0.08194257318973541,
          0.08309697359800339,
          0.0815436914563179,
          0.08921176195144653,
          0.07558606564998627,
          0.07708961516618729,
          0.09058783948421478,
          0.08417097479104996,
          0.07765580713748932,
          0.07360339909791946,
          0.08215402066707611,
          0.08315955102443695,
          0.07709430903196335,
          0.07959692180156708,
          0.09001234918832779,
          0.07586690783500671,
          0.09096542745828629,
          0.07810257375240326,
          0.07795369625091553,
          1.0
        ]
      ]
    },
    "128": {
      "overlap_matrix": [
        [
          1.0,
          0.08676744252443314,
          0.08852989971637726,
          0.08349372446537018,
          0.08589723706245422,
          0.08838623017072678,
          0.08947625756263733,
          0.06874425709247589,
          0.08331470191478729,
          0.06932798773050308,
          0.07478974014520645,
          0.08431406319141388,
          0.08814634382724762,
          0.08319860696792603,
          0.08579996973276138,
          0.07780241221189499,
          0.08216875791549683,
          0.07483122497797012,
          0.08609583228826523,
          0.09417795389890671,
          0.0739787295460701,
          0.09538398683071136,
          0.08578913658857346,
          0.07811109721660614
        ],
        [
          0.08676744252443314,
          1.0,
          0.102158322930336,
          0.09785670042037964,
          0.0908295065164566,
          0.07959524542093277,
          0.092784583568573,
          0.08391405642032623,
          0.08675472438335419,
          0.07776884734630585,
          0.08162429183721542,
          0.08117135614156723,
          0.08784056454896927,
          0.08646289259195328,
          0.07819776982069016,
          0.08908789604902267,
          0.08550247550010681,
          0.08493300527334213,
          0.08325709402561188,
          0.088660828769207,
          0.08545730262994766,
          0.0802355408668518,
          0.08118624985218048,
          0.09284550696611404
        ],
        [
          0.08852989971637726,
          0.102158322930336,
          1.0,
          0.10866396129131317,
          0.10772359371185303,
          0.0991474911570549,
          0.10143741220235825,
          0.09810398519039154,
          0.08200381696224213,
          0.10546708106994629,
          0.08093806356191635,
          0.0796838104724884,
          0.09064967930316925,
          0.0856870487332344,
          0.08839307725429535,
          0.08230690658092499,
          0.07821734994649887,
          0.07689884305000305,
          0.08484234660863876,
          0.08298590779304504,
          0.07488841563463211,
          0.0910641998052597,
          0.06739743053913116,
          0.0893002524971962
        ],
        [
          0.08349372446537018,
          0.09785670042037964,
          0.10866396129131317,
          1.0,
          0.1217120885848999,
          0.09392830729484558,
          0.10850141197443008,
          0.10890911519527435,
          0.10028553009033203,
          0.09102906286716461,
          0.08709920942783356,
          0.09512502700090408,
          0.08980584144592285,
          0.076289102435112,
          0.08810888975858688,
          0.08512185513973236,
          0.08104357123374939,
          0.0886550098657608,
          0.07942607253789902,
          0.08232695609331131,
          0.08377379179000854,
          0.09055358171463013,
          0.09064354002475739,
          0.09749175608158112
        ],
        [
          0.08589723706245422,
          0.0908295065164566,
          0.10772359371185303,
          0.1217120885848999,
          1.0,
          0.1219879761338234,
          0.11732389777898788,
          0.10299507528543472,
          0.08970405161380768,
          0.09551088511943817,
          0.09764125943183899,
          0.09706371277570724,
          0.08558044582605362,
          0.0791688933968544,
          0.09332682192325592,
          0.08587324619293213,
          0.08317206799983978,
          0.09316408634185791,
          0.09345133602619171,
          0.08540259301662445,
          0.08978971093893051,
          0.08539481461048126,
          0.08971433341503143,
          0.08922360092401505
        ],
        [
          0.08838623017072678,
          0.07959524542093277,
          0.0991474911570549,
          0.09392830729484558,
          0.1219879761338234,
          1.0,
          0.12169606983661652,
          0.11842264980077744,
          0.10877396166324615,
          0.09986507147550583,
          0.08602402359247208,
          0.10372072458267212,
          0.10140684992074966,
          0.09367691725492477,
          0.09237509220838547,
          0.0992845743894577,
          0.08824186027050018,
          0.08861152827739716,
          0.09145671874284744,
          0.09478451311588287,
          0.09580551832914352,
          0.09044459462165833,
          0.09173223376274109,
          0.09456594288349152
        ],
        [
          0.08947625756263733,
          0.092784583568573,
          0.10143741220235825,
          0.10850141197443008,
          0.11732389777898788,
          0.12169606983661652,
          1.0,
          0.11685725301504135,
          0.10097887367010117,
          0.09731414914131165,
          0.10314997285604477,
          0.10480526834726334,
          0.08338696509599686,
          0.07762952148914337,
          0.09350164234638214,
          0.09235106408596039,
          0.0959458127617836,
          0.10130321979522705,
          0.09219817817211151,
          0.1005231961607933,
          0.08420322090387344,
          0.08460460603237152,
          0.09495582431554794,
          0.09070663899183273
        ],
        [
          0.06874425709247589,
          0.08391405642032623,
          0.09810398519039154,
          0.10890911519527435,
          0.10299507528543472,
          0.11842264980077744,
          0.11685725301504135,
          1.0,
          0.11339443922042847,
          0.10410499572753906,
          0.09850038588047028,
          0.0985579565167427,
          0.11102279275655746,
          0.09192243218421936,
          0.09780852496623993,
          0.09881401807069778,
          0.09275902807712555,
          0.090272918343544,
          0.08664040267467499,
          0.09045076370239258,
          0.09342900663614273,
          0.09164069592952728,
          0.08931080996990204,
          0.1012146845459938
        ],
        [
          0.08331470191478729,
          0.08675472438335419,
          0.08200381696224213,
          0.10028553009033203,
          0.08970405161380768,
          0.10877396166324615,
          0.10097887367010117,
          0.11339443922042847,
          1.0,
          0.10598690807819366,
          0.10083764791488647,
          0.10328525304794312,
          0.09636887907981873,
          0.097542904317379,
          0.09339191019535065,
          0.09953666478395462,
          0.09441440552473068,
          0.08754731714725494,
          0.09636659920215607,
          0.10270267724990845,
          0.10035927593708038,
          0.09655801206827164,
          0.09549685567617416,
          0.08957206457853317
        ],
        [
          0.06932798773050308,
          0.07776884734630585,
          0.10546708106994629,
          0.09102906286716461,
          0.09551088511943817,
          0.09986507147550583,
          0.09731414914131165,
          0.10410499572753906,
          0.10598690807819366,
          1.0,
          0.1186143159866333,
          0.10345282405614853,
          0.11096750199794769,
          0.09405075758695602,
          0.0979473739862442,
          0.09951426088809967,
          0.10480797290802002,
          0.09265454113483429,
          0.09002763777971268,
          0.0977250188589096,
          0.09517718106508255,
          0.09608735889196396,
          0.1036878451704979,
          0.08790487051010132
        ],
        [
          0.07478974014520645,
          0.08162429183721542,
          0.08093806356191635,
          0.08709920942783356,
          0.09764125943183899,
          0.08602402359247208,
          0.10314997285604477,
          0.09850038588047028,
          0.10083764791488647,
          0.1186143159866333,
          1.0,
          0.10377071052789688,
          0.10023699700832367,
          0.09616991877555847,
          0.09989185631275177,
          0.11120051145553589,
          0.11091957986354828,
          0.09138263761997223,
          0.11403151601552963,
          0.1126665472984314,
          0.0943920686841011,
          0.100797638297081,
          0.09775172173976898,
          0.11468334496021271
        ],
        [
          0.08431406319141388,
          0.08117135614156723,
          0.0796838104724884,
          0.09512502700090408,
          0.09706371277570724,
          0.10372072458267212,
          0.10480526834726334,
          0.0985579565167427,
          0.10328525304794312,
          0.10345282405614853,
          0.10377071052789688,
          1.0,
          0.11853931099176407,
          0.09301640093326569,
          0.1082332581281662,
          0.09835808724164963,
          0.10201853513717651,
          0.10609929263591766,
          0.10054911673069,
          0.1145365834236145,
          0.09136337786912918,
          0.10924118757247925,
          0.11449410766363144,
          0.11037162691354752
        ],
        [
          0.08814634382724762,
          0.08784056454896927,
          0.09064967930316925,
          0.08980584144592285,
          0.08558044582605362,
          0.10140684992074966,
          0.08338696509599686,
          0.11102279275655746,
          0.09636887907981873,
          0.11096750199794769,
          0.10023699700832367,
          0.11853931099176407,
          1.0,
          0.11954070627689362,
          0.10093297809362411,
          0.11100934445858002,
          0.10261666774749756,
          0.1070864349603653,
          0.11229002475738525,
          0.10869596153497696,
          0.10811042785644531,
          0.10911925882101059,
          0.11213771998882294,
          0.11128178983926773
        ],
        [
          0.08319860696792603,
          0.08646289259195328,
          0.0856870487332344,
          0.076289102435112,
          0.0791688933968544,
          0.09367691725492477,
          0.07762952148914337,
          0.09192243218421936,
          0.097542904317379,
          0.09405075758695602,
          0.09616991877555847,
          0.09301640093326569,
          0.11954070627689362,
          1.0,
          0.1209031343460083,
          0.10136612504720688,
          0.12291602045297623,
          0.12178538739681244,
          0.11589027941226959,
          0.12454017251729965,
          0.1217731386423111,
          0.12362780421972275,
          0.11708186566829681,
          0.1226244568824768
        ],
        [
          0.08579996973276138,
          0.07819776982069016,
          0.08839307725429535,
          0.08810888975858688,
          0.09332682192325592,
          0.09237509220838547,
          0.09350164234638214,
          0.09780852496623993,
          0.09339191019535065,
          0.0979473739862442,
          0.09989185631275177,
          0.1082332581281662,
          0.10093297809362411,
          0.1209031343460083,
          1.0,
          0.10090788453817368,
          0.12084357440471649,
          0.12271113693714142,
          0.11110051721334457,
          0.12796714901924133,
          0.1044837236404419,
          0.1313926875591278,
          0.12700098752975464,
          0.12303062528371811
        ],
        [
          0.07780241221189499,
          0.08908789604902267,
          0.08230690658092499,
          0.08512185513973236,
          0.08587324619293213,
          0.0992845743894577,
          0.09235106408596039,
          0.09881401807069778,
          0.09953666478395462,
          0.09951426088809967,
          0.11120051145553589,
          0.09835808724164963,
          0.11100934445858002,
          0.10136612504720688,
          0.10090788453817368,
          1.0,
          0.13659098744392395,
          0.13571754097938538,
          0.11967451870441437,
          0.12588301301002502,
          0.13772720098495483,
          0.12955544888973236,
          0.13768735527992249,
          0.1336650252342224
        ],
        [
          0.08216875791549683,
          0.08550247550010681,
          0.07821734994649887,
          0.08104357123374939,
          0.08317206799983978,
          0.08824186027050018,
          0.0959458127617836,
          0.09275902807712555,
          0.09441440552473068,
          0.10480797290802002,
          0.11091957986354828,
          0.10201853513717651,
          0.10261666774749756,
          0.12291602045297623,
          0.12084357440471649,
          0.13659098744392395,
          1.0,
          0.15099333226680756,
          0.14347484707832336,
          0.14539429545402527,
          0.14421293139457703,
          0.13376525044441223,
          0.1535097360610962,
          0.1342354565858841
        ],
        [
          0.07483122497797012,
          0.08493300527334213,
          0.07689884305000305,
          0.0886550098657608,
          0.09316408634185791,
          0.08861152827739716,
          0.10130321979522705,
          0.090272918343544,
          0.08754731714725494,
          0.09265454113483429,
          0.09138263761997223,
          0.10609929263591766,
          0.1070864349603653,
          0.12178538739681244,
          0.12271113693714142,
          0.13571754097938538,
          0.15099333226680756,
          1.0,
          0.1323249787092209,
          0.14216895401477814,
          0.1408357471227646,
          0.14739663898944855,
          0.1517549455165863,
          0.15019623935222626
        ],
        [
          0.08609583228826523,
          0.08325709402561188,
          0.08484234660863876,
          0.07942607253789902,
          0.09345133602619171,
          0.09145671874284744,
          0.09219817817211151,
          0.08664040267467499,
          0.09636659920215607,
          0.09002763777971268,
          0.11403151601552963,
          0.10054911673069,
          0.11229002475738525,
          0.11589027941226959,
          0.11110051721334457,
          0.11967451870441437,
          0.14347484707832336,
          0.1323249787092209,
          1.0,
          0.14889219403266907,
          0.15311948955059052,
          0.14227448403835297,
          0.1453264057636261,
          0.16291531920433044
        ],
        [
          0.09417795389890671,
          0.088660828769207,
          0.08298590779304504,
          0.08232695609331131,
          0.08540259301662445,
          0.09478451311588287,
          0.1005231961607933,
          0.09045076370239258,
          0.10270267724990845,
          0.0977250188589096,
          0.1126665472984314,
          0.1145365834236145,
          0.10869596153497696,
          0.12454017251729965,
          0.12796714901924133,
          0.12588301301002502,
          0.14539429545402527,
          0.14216895401477814,
          0.14889219403266907,
          1.0,
          0.16145731508731842,
          0.15822921693325043,
          0.16464532911777496,
          0.15355412662029266
        ],
        [
          0.0739787295460701,
          0.08545730262994766,
          0.07488841563463211,
          0.08377379179000854,
          0.08978971093893051,
          0.09580551832914352,
          0.08420322090387344,
          0.09342900663614273,
          0.10035927593708038,
          0.09517718106508255,
          0.0943920686841011,
          0.09136337786912918,
          0.10811042785644531,
          0.1217731386423111,
          0.1044837236404419,
          0.13772720098495483,
          0.14421293139457703,
          0.1408357471227646,
          0.15311948955059052,
          0.16145731508731842,
          1.0,
          0.1699540913105011,
          0.16291189193725586,
          0.16736051440238953
        ],
        [
          0.09538398683071136,
          0.0802355408668518,
          0.0910641998052597,
          0.09055358171463013,
          0.08539481461048126,
          0.09044459462165833,
          0.08460460603237152,
          0.09164069592952728,
          0.09655801206827164,
          0.09608735889196396,
          0.100797638297081,
          0.10924118757247925,
          0.10911925882101059,
          0.12362780421972275,
          0.1313926875591278,
          0.12955544888973236,
          0.13376525044441223,
          0.14739663898944855,
          0.14227448403835297,
          0.15822921693325043,
          0.1699540913105011,
          1.0,
          0.17313359677791595,
          0.16282029449939728
        ],
        [
          0.08578913658857346,
          0.08118624985218048,
          0.06739743053913116,
          0.09064354002475739,
          0.08971433341503143,
          0.09173223376274109,
          0.09495582431554794,
          0.08931080996990204,
          0.09549685567617416,
          0.1036878451704979,
          0.09775172173976898,
          0.11449410766363144,
          0.11213771998882294,
          0.11708186566829681,
          0.12700098752975464,
          0.13768735527992249,
          0.1535097360610962,
          0.1517549455165863,
          0.1453264057636261,
          0.16464532911777496,
          0.16291189193725586,
          0.17313359677791595,
          1.0,
          0.18192467093467712
        ],
        [
          0.07811109721660614,
          0.09284550696611404,
          0.0893002524971962,
          0.09749175608158112,
          0.08922360092401505,
          0.09456594288349152,
          0.09070663899183273,
          0.1012146845459938,
          0.08957206457853317,
          0.08790487051010132,
          0.11468334496021271,
          0.11037162691354752,
          0.11128178983926773,
          0.1226244568824768,
          0.12303062528371811,
          0.1336650252342224,
          0.1342354565858841,
          0.15019623935222626,
          0.16291531920433044,
          0.15355412662029266,
          0.16736051440238953,
          0.16282029449939728,
          0.18192467093467712,
          1.0
        ]
      ]
    },
    "512": {
      "overlap_matrix": [
        [
          1.0,
          0.18944597244262695,
          0.16189828515052795,
          0.11820991337299347,
          0.09962201118469238,
          0.0940546840429306,
          0.09522952139377594,
          0.08801962435245514,
          0.0932476595044136,
          0.09188587963581085,
          0.08673851191997528,
          0.09808190912008286,
          0.0926535576581955,
          0.0924418494105339,
          0.0947389006614685,
          0.09484328329563141,
          0.09500535577535629,
          0.09517042338848114,
          0.09004075080156326,
          0.09709228575229645,
          0.09043831378221512,
          0.10456237941980362,
          0.10020820051431656,
          0.09388633072376251
        ],
        [
          0.18944597244262695,
          1.0,
          0.2653160095214844,
          0.19842678308486938,
          0.13028088212013245,
          0.11181877553462982,
          0.13027606904506683,
          0.11058608442544937,
          0.12040825933218002,
          0.10763034969568253,
          0.1034722775220871,
          0.11407449096441269,
          0.09863995760679245,
          0.10774855315685272,
          0.09561559557914734,
          0.09351681172847748,
          0.08663254231214523,
          0.09846588224172592,
          0.0938706248998642,
          0.09717826545238495,
          0.0950203388929367,
          0.10274221748113632,
          0.106211818754673,
          0.10869447886943817
        ],
        [
          0.16189828515052795,
          0.2653160095214844,
          1.0,
          0.267941415309906,
          0.1723557710647583,
          0.12795409560203552,
          0.1454596221446991,
          0.1265944242477417,
          0.12215957790613174,
          0.13028603792190552,
          0.11272089183330536,
          0.11506841331720352,
          0.11807963997125626,
          0.09719862043857574,
          0.11706235259771347,
          0.10621082782745361,
          0.10319753736257553,
          0.10581283271312714,
          0.11624334752559662,
          0.10917322337627411,
          0.11503592878580093,
          0.1222124844789505,
          0.12004083395004272,
          0.12947764992713928
        ],
        [
          0.11820991337299347,
          0.19842678308486938,
          0.267941415309906,
          1.0,
          0.31539762020111084,
          0.13436244428157806,
          0.14762583374977112,
          0.14490416646003723,
          0.1416371613740921,
          0.12493713200092316,
          0.1237035021185875,
          0.12277978658676147,
          0.12050936371088028,
          0.1015353798866272,
          0.12123934179544449,
          0.10280151665210724,
          0.11193197965621948,
          0.10871285200119019,
          0.11683912575244904,
          0.10427407920360565,
          0.11845371872186661,
          0.1280290186405182,
          0.1094890832901001,
          0.12618747353553772
        ],
        [
          0.09962201118469238,
          0.13028088212013245,
          0.1723557710647583,
          0.31539762020111084,
          1.0,
          0.1578149050474167,
          0.14873842895030975,
          0.13222938776016235,
          0.14252206683158875,
          0.11745180934667587,
          0.12703897058963776,
          0.12604635953903198,
          0.10201133787631989,
          0.10934297740459442,
          0.1170804500579834,
          0.0959215983748436,
          0.11512015759944916,
          0.1070379763841629,
          0.1115775853395462,
          0.1058831587433815,
          0.12690986692905426,
          0.1236908808350563,
          0.12088346481323242,
          0.1333700716495514
        ],
        [
          0.0940546840429306,
          0.11181877553462982,
          0.12795409560203552,
          0.13436244428157806,
          0.1578149050474167,
          1.0,
          0.23113849759101868,
          0.18756048381328583,
          0.16854128241539001,
          0.14823779463768005,
