{
  "model": "bloom-1b1",
  "model_repo": "bigscience/bloom-1b1-intermediate",
  "architecture": {
    "n_layers": 24,
    "d_model": 1536,
    "d_ff": 6144,
    "activation": "gelu",
    "block_ordering": "sequential",
    "positional_encoding": "alibi"
  },
  "k_values": [
    5,
    10,
    50
  ],
  "random_baselines": {
    "5": {
      "mean": 0.047391443211603025,
      "std": 0.007451180680485982
    },
    "10": {
      "mean": 0.06844056806499761,
      "std": 0.005412047825840914
    },
    "50": {
      "mean": 0.15302022520483344,
      "std": 0.0023700156537762225
    }
  },
  "checkpoints": {
    "1000": {
      "pairwise_k5": {
        "matrix": [
          [
            1.0,
            0.6976237893104553,
            0.4346756339073181,
            0.322892963886261,
            0.29654261469841003,
            0.2575158178806305,
            0.19298742711544037,
            0.2021290510892868,
            0.23962144553661346,
            0.21780648827552795,
            0.18142040073871613,
            0.21778567135334015,
            0.20466077327728271,
            0.19465968012809753,
            0.1849081963300705,
            0.1899179220199585,
            0.19523265957832336,
            0.2090463936328888,
            0.1821029782295227,
            0.20591013133525848,
            0.24317875504493713,
            0.2651135325431824,
            0.28732365369796753,
            0.341669499874115
          ],
          [
            0.6976237893104553,
            1.0,
            0.7066927552223206,
            0.5514506697654724,
            0.41765841841697693,
            0.3081916570663452,
            0.2214343249797821,
            0.21063232421875,
            0.2718624472618103,
            0.27285417914390564,
            0.23344984650611877,
            0.2668921649456024,
            0.22416797280311584,
            0.1720844954252243,
            0.18797403573989868,
            0.19180931150913239,
            0.2251712530851364,
            0.20084473490715027,
            0.17755082249641418,
            0.20003625750541687,
            0.2666177451610565,
            0.3156251609325409,
            0.3159741461277008,
            0.36021482944488525
          ],
          [
            0.4346756339073181,
            0.7066927552223206,
            1.0,
            0.801013171672821,
            0.48699650168418884,
            0.3453556299209595,
            0.23704858124256134,
            0.23511552810668945,
            0.2871599793434143,
            0.2835725247859955,
            0.2535834312438965,
            0.2706541121006012,
            0.2625364363193512,
            0.18782220780849457,
            0.22001707553863525,
            0.23563961684703827,
            0.24880333244800568,
            0.22896523773670197,
            0.20473897457122803,
            0.2229149341583252,
            0.29958516359329224,
            0.33009323477745056,
            0.30713140964508057,
            0.3632797598838806
          ],
          [
            0.322892963886261,
            0.5514506697654724,
            0.801013171672821,
            1.0,
            0.6416457891464233,
            0.43019065260887146,
            0.2857561707496643,
            0.24938881397247314,
            0.3243274688720703,
            0.3012750446796417,
            0.27715083956718445,
            0.2823862135410309,
            0.2842373251914978,
            0.21334126591682434,
            0.20609645545482635,
            0.19979065656661987,
            0.23102347552776337,
            0.1946912705898285,
            0.19773106276988983,
            0.20151014626026154,
            0.3128092885017395,
            0.32995566725730896,
            0.2867598533630371,
            0.33083921670913696
          ],
          [
            0.29654261469841003,
            0.41765841841697693,
            0.48699650168418884,
            0.6416457891464233,
            1.0,
            0.7307299375534058,
            0.32508012652397156,
            0.2798823416233063,
            0.35866981744766235,
            0.3693418800830841,
            0.3335055708885193,
            0.2874348759651184,
            0.3011927604675293,
            0.2508604824542999,
            0.2223769873380661,
            0.26411595940589905,
            0.2635582983493805,
            0.2104864865541458,
            0.2188304364681244,
            0.2011518031358719,
            0.2893528342247009,
            0.3002844750881195,
            0.3067396581172943,
            0.3352363109588623
          ],
          [
            0.2575158178806305,
            0.3081916570663452,
            0.3453556299209595,
            0.43019065260887146,
            0.7307299375534058,
            1.0,
            0.5206382870674133,
            0.41526347398757935,
            0.4444669783115387,
            0.44357237219810486,
            0.43584030866622925,
            0.35814937949180603,
            0.3770311772823334,
            0.33022981882095337,
            0.29971301555633545,
            0.3258184790611267,
            0.28262683749198914,
            0.24604418873786926,
            0.24512605369091034,
            0.24028801918029785,
            0.2877083420753479,
            0.29998889565467834,
            0.270847886800766,
            0.29948604106903076
          ],
          [
            0.19298742711544037,
            0.2214343249797821,
            0.23704858124256134,
            0.2857561707496643,
            0.32508012652397156,
            0.5206382870674133,
            1.0,
            0.6424673199653625,
            0.39188724756240845,
            0.3627198338508606,
            0.34310582280158997,
            0.4709838926792145,
            0.4626299738883972,
            0.4747889041900635,
            0.41687431931495667,
            0.3213677406311035,
            0.2796456217765808,
            0.24146457016468048,
            0.2491525411605835,
            0.2071700543165207,
            0.22909322381019592,
            0.2625364065170288,
            0.26673153042793274,
            0.23389475047588348
          ],
          [
            0.2021290510892868,
            0.21063232421875,
            0.23511552810668945,
            0.24938881397247314,
            0.2798823416233063,
            0.41526347398757935,
            0.6424673199653625,
            1.0,
            0.44919243454933167,
            0.38083553314208984,
            0.38673287630081177,
            0.4737068712711334,
            0.5318180322647095,
            0.5328327417373657,
            0.493716299533844,
            0.4247836172580719,
            0.36248764395713806,
            0.29621177911758423,
            0.2849317491054535,
            0.23578199744224548,
            0.22630611062049866,
            0.24368076026439667,
            0.23479922115802765,
            0.20833799242973328
          ],
          [
            0.23962144553661346,
            0.2718624472618103,
            0.2871599793434143,
            0.3243274688720703,
            0.35866981744766235,
            0.4444669783115387,
            0.39188724756240845,
            0.44919243454933167,
            1.0,
            0.6844654083251953,
            0.581940233707428,
            0.4540554881095886,
            0.41434377431869507,
            0.3581021726131439,
            0.3486654460430145,
            0.31934988498687744,
            0.2609045207500458,
            0.25890836119651794,
            0.28240153193473816,
            0.27590277791023254,
            0.2826015055179596,
            0.3074634373188019,
            0.32356682419776917,
            0.33444735407829285
          ],
          [
            0.21780648827552795,
            0.27285417914390564,
            0.2835725247859955,
            0.3012750446796417,
            0.3693418800830841,
            0.44357237219810486,
            0.3627198338508606,
            0.38083553314208984,
            0.6844654083251953,
            1.0,
            0.8191644549369812,
            0.534322202205658,
            0.5028618574142456,
            0.405783474445343,
            0.3599129915237427,
            0.32118940353393555,
            0.2632119953632355,
            0.24504320323467255,
            0.28223997354507446,
            0.29105567932128906,
            0.33367064595222473,
            0.3084065616130829,
            0.3409845530986786,
            0.3450363278388977
          ],
          [
            0.18142040073871613,
            0.23344984650611877,
            0.2535834312438965,
            0.27715083956718445,
            0.3335055708885193,
            0.43584030866622925,
            0.34310582280158997,
            0.38673287630081177,
            0.581940233707428,
            0.8191644549369812,
            1.0,
            0.6322998404502869,
            0.5544191002845764,
            0.4564972519874573,
            0.40235280990600586,
            0.3626953065395355,
            0.30369994044303894,
            0.2786005437374115,
            0.311079204082489,
            0.29368987679481506,
            0.3271228075027466,
            0.3102150559425354,
            0.31144410371780396,
            0.3069611191749573
          ],
          [
            0.21778567135334015,
            0.2668921649456024,
            0.2706541121006012,
            0.2823862135410309,
            0.2874348759651184,
            0.35814937949180603,
            0.4709838926792145,
            0.4737068712711334,
            0.4540554881095886,
            0.534322202205658,
            0.6322998404502869,
            1.0,
            0.8360939025878906,
            0.6880084872245789,
            0.49951010942459106,
            0.4214453101158142,
            0.3132489323616028,
            0.29800063371658325,
            0.2945669889450073,
            0.28364256024360657,
            0.2824840247631073,
            0.2808595895767212,
            0.29180529713630676,
            0.285332053899765
          ],
          [
            0.20466077327728271,
            0.22416797280311584,
            0.2625364363193512,
            0.2842373251914978,
            0.3011927604675293,
            0.3770311772823334,
            0.4626299738883972,
            0.5318180322647095,
            0.41434377431869507,
            0.5028618574142456,
            0.5544191002845764,
            0.8360939025878906,
            1.0,
            0.8075355291366577,
            0.6077224612236023,
            0.4970719814300537,
            0.3542757034301758,
            0.31918424367904663,
            0.2969510555267334,
            0.3026512861251831,
            0.284585177898407,
            0.3183939456939697,
            0.29164209961891174,
            0.29601314663887024
          ],
          [
            0.19465968012809753,
            0.1720844954252243,
            0.18782220780849457,
            0.21334126591682434,
            0.2508604824542999,
            0.33022981882095337,
            0.4747889041900635,
            0.5328327417373657,
            0.3581021726131439,
            0.405783474445343,
            0.4564972519874573,
            0.6880084872245789,
            0.8075355291366577,
            1.0,
            0.7484877705574036,
            0.5400190353393555,
            0.45127710700035095,
            0.3657534718513489,
            0.37098124623298645,
            0.29805243015289307,
            0.2781234383583069,
            0.2768127918243408,
            0.22762766480445862,
            0.25333136320114136
          ],
          [
            0.1849081963300705,
            0.18797403573989868,
            0.22001707553863525,
            0.20609645545482635,
            0.2223769873380661,
            0.29971301555633545,
            0.41687431931495667,
            0.493716299533844,
            0.3486654460430145,
            0.3599129915237427,
            0.40235280990600586,
            0.49951010942459106,
            0.6077224612236023,
            0.7484877705574036,
            1.0,
            0.6532559394836426,
            0.6119155883789062,
            0.5220235586166382,
            0.41084617376327515,
            0.359383761882782,
            0.27953413128852844,
            0.29256948828697205,
            0.24743112921714783,
            0.2727452218532562
          ],
          [
            0.1899179220199585,
            0.19180931150913239,
            0.23563961684703827,
            0.19979065656661987,
            0.26411595940589905,
            0.3258184790611267,
            0.3213677406311035,
            0.4247836172580719,
            0.31934988498687744,
            0.32118940353393555,
            0.3626953065395355,
            0.4214453101158142,
            0.4970719814300537,
            0.5400190353393555,
            0.6532559394836426,
            1.0,
            0.7237102389335632,
            0.6724292635917664,
            0.578764796257019,
            0.4337712228298187,
            0.35982459783554077,
            0.3460550010204315,
            0.28185540437698364,
            0.3093506693840027
          ],
          [
            0.19523265957832336,
            0.2251712530851364,
            0.24880333244800568,
            0.23102347552776337,
            0.2635582983493805,
            0.28262683749198914,
            0.2796456217765808,
            0.36248764395713806,
            0.2609045207500458,
            0.2632119953632355,
            0.30369994044303894,
            0.3132489323616028,
            0.3542757034301758,
            0.45127710700035095,
            0.6119155883789062,
            0.7237102389335632,
            1.0,
            0.7112560272216797,
            0.6079944968223572,
            0.4640764594078064,
            0.3996801972389221,
            0.3865908086299896,
            0.315716415643692,
            0.3473513722419739
          ],
          [
            0.2090463936328888,
            0.20084473490715027,
            0.22896523773670197,
            0.1946912705898285,
            0.2104864865541458,
            0.24604418873786926,
            0.24146457016468048,
            0.29621177911758423,
            0.25890836119651794,
            0.24504320323467255,
            0.2786005437374115,
            0.29800063371658325,
            0.31918424367904663,
            0.3657534718513489,
            0.5220235586166382,
            0.6724292635917664,
            0.7112560272216797,
            1.0,
            0.7635054588317871,
            0.5695290565490723,
            0.48206648230552673,
            0.4288974702358246,
            0.3773784041404724,
            0.396304190158844
          ],
          [
            0.1821029782295227,
            0.17755082249641418,
            0.20473897457122803,
            0.19773106276988983,
            0.2188304364681244,
            0.24512605369091034,
            0.2491525411605835,
            0.2849317491054535,
            0.28240153193473816,
            0.28223997354507446,
            0.311079204082489,
            0.2945669889450073,
            0.2969510555267334,
            0.37098124623298645,
            0.41084617376327515,
            0.578764796257019,
            0.6079944968223572,
            0.7635054588317871,
            1.0,
            0.7298188209533691,
            0.5414638519287109,
            0.4479850232601166,
            0.3729228973388672,
            0.3492451608181
          ],
          [
            0.20591013133525848,
            0.20003625750541687,
            0.2229149341583252,
            0.20151014626026154,
            0.2011518031358719,
            0.24028801918029785,
            0.2071700543165207,
            0.23578199744224548,
            0.27590277791023254,
            0.29105567932128906,
            0.29368987679481506,
            0.28364256024360657,
            0.3026512861251831,
            0.29805243015289307,
            0.359383761882782,
            0.4337712228298187,
            0.4640764594078064,
            0.5695290565490723,
            0.7298188209533691,
            1.0,
            0.6035270094871521,
            0.540458619594574,
            0.41310253739356995,
            0.3691558539867401
          ],
          [
            0.24317875504493713,
            0.2666177451610565,
            0.29958516359329224,
            0.3128092885017395,
            0.2893528342247009,
            0.2877083420753479,
            0.22909322381019592,
            0.22630611062049866,
            0.2826015055179596,
            0.33367064595222473,
            0.3271228075027466,
            0.2824840247631073,
            0.284585177898407,
            0.2781234383583069,
            0.27953413128852844,
            0.35982459783554077,
            0.3996801972389221,
            0.48206648230552673,
            0.5414638519287109,
            0.6035270094871521,
            1.0,
            0.7712386846542358,
            0.587623655796051,
            0.452719509601593
          ],
          [
            0.2651135325431824,
            0.3156251609325409,
            0.33009323477745056,
            0.32995566725730896,
            0.3002844750881195,
            0.29998889565467834,
            0.2625364065170288,
            0.24368076026439667,
            0.3074634373188019,
            0.3084065616130829,
            0.3102150559425354,
            0.2808595895767212,
            0.3183939456939697,
            0.2768127918243408,
            0.29256948828697205,
            0.3460550010204315,
            0.3865908086299896,
            0.4288974702358246,
            0.4479850232601166,
            0.540458619594574,
            0.7712386846542358,
            1.0,
            0.7828173637390137,
            0.6285622119903564
          ],
          [
            0.28732365369796753,
            0.3159741461277008,
            0.30713140964508057,
            0.2867598533630371,
            0.3067396581172943,
            0.270847886800766,
            0.26673153042793274,
            0.23479922115802765,
            0.32356682419776917,
            0.3409845530986786,
            0.31144410371780396,
            0.29180529713630676,
            0.29164209961891174,
            0.22762766480445862,
            0.24743112921714783,
            0.28185540437698364,
            0.315716415643692,
            0.3773784041404724,
            0.3729228973388672,
            0.41310253739356995,
            0.587623655796051,
            0.7828173637390137,
            1.0,
            0.7376245260238647
          ],
          [
            0.341669499874115,
            0.36021482944488525,
            0.3632797598838806,
            0.33083921670913696,
            0.3352363109588623,
            0.29948604106903076,
            0.23389475047588348,
            0.20833799242973328,
            0.33444735407829285,
            0.3450363278388977,
            0.3069611191749573,
            0.285332053899765,
            0.29601314663887024,
            0.25333136320114136,
            0.2727452218532562,
            0.3093506693840027,
            0.3473513722419739,
            0.396304190158844,
            0.3492451608181,
            0.3691558539867401,
            0.452719509601593,
            0.6285622119903564,
            0.7376245260238647,
            1.0
          ]
        ],
        "UU": [
          [
            1.0,
            0.6976237893104553,
            0.4346756339073181,
            0.322892963886261,
            0.29654261469841003,
            0.2575158178806305,
            0.19298742711544037,
            0.2021290510892868,
            0.23962144553661346,
            0.21780648827552795,
            0.18142040073871613,
            0.21778567135334015,
            0.20466077327728271,
            0.19465968012809753,
            0.1849081963300705,
            0.1899179220199585,
            0.19523265957832336,
            0.2090463936328888,
            0.1821029782295227,
            0.20591013133525848,
            0.24317875504493713,
            0.2651135325431824,
            0.28732365369796753,
            0.341669499874115
          ],
          [
            0.6976237893104553,
            1.0,
            0.7066927552223206,
            0.5514506697654724,
            0.41765841841697693,
            0.3081916570663452,
            0.2214343249797821,
            0.21063232421875,
            0.2718624472618103,
            0.27285417914390564,
            0.23344984650611877,
            0.2668921649456024,
            0.22416797280311584,
            0.1720844954252243,
            0.18797403573989868,
            0.19180931150913239,
            0.2251712530851364,
            0.20084473490715027,
            0.17755082249641418,
            0.20003625750541687,
            0.2666177451610565,
            0.3156251609325409,
            0.3159741461277008,
            0.36021482944488525
          ],
          [
            0.4346756339073181,
            0.7066927552223206,
            1.0,
            0.801013171672821,
            0.48699650168418884,
            0.3453556299209595,
            0.23704858124256134,
            0.23511552810668945,
            0.2871599793434143,
            0.2835725247859955,
            0.2535834312438965,
            0.2706541121006012,
            0.2625364363193512,
            0.18782220780849457,
            0.22001707553863525,
            0.23563961684703827,
            0.24880333244800568,
            0.22896523773670197,
            0.20473897457122803,
            0.2229149341583252,
            0.29958516359329224,
            0.33009323477745056,
            0.30713140964508057,
            0.3632797598838806
          ],
          [
            0.322892963886261,
            0.5514506697654724,
            0.801013171672821,
            1.0,
            0.6416457891464233,
            0.43019065260887146,
            0.2857561707496643,
            0.24938881397247314,
            0.3243274688720703,
            0.3012750446796417,
            0.27715083956718445,
            0.2823862135410309,
            0.2842373251914978,
            0.21334126591682434,
            0.20609645545482635,
            0.19979065656661987,
            0.23102347552776337,
            0.1946912705898285,
            0.19773106276988983,
            0.20151014626026154,
            0.3128092885017395,
            0.32995566725730896,
            0.2867598533630371,
            0.33083921670913696
          ],
          [
            0.29654261469841003,
            0.41765841841697693,
            0.48699650168418884,
            0.6416457891464233,
            1.0,
            0.7307299375534058,
            0.32508012652397156,
            0.2798823416233063,
            0.35866981744766235,
            0.3693418800830841,
            0.3335055708885193,
            0.2874348759651184,
            0.3011927604675293,
            0.2508604824542999,
            0.2223769873380661,
            0.26411595940589905,
            0.2635582983493805,
            0.2104864865541458,
            0.2188304364681244,
            0.2011518031358719,
            0.2893528342247009,
            0.3002844750881195,
            0.3067396581172943,
            0.3352363109588623
          ],
          [
            0.2575158178806305,
            0.3081916570663452,
            0.3453556299209595,
            0.43019065260887146,
            0.7307299375534058,
            1.0,
            0.5206382870674133,
            0.41526347398757935,
            0.4444669783115387,
            0.44357237219810486,
            0.43584030866622925,
            0.35814937949180603,
            0.3770311772823334,
            0.33022981882095337,
            0.29971301555633545,
            0.3258184790611267,
            0.28262683749198914,
            0.24604418873786926,
            0.24512605369091034,
            0.24028801918029785,
            0.2877083420753479,
            0.29998889565467834,
            0.270847886800766,
            0.29948604106903076
          ],
          [
            0.19298742711544037,
            0.2214343249797821,
            0.23704858124256134,
            0.2857561707496643,
            0.32508012652397156,
            0.5206382870674133,
            1.0,
            0.6424673199653625,
            0.39188724756240845,
            0.3627198338508606,
            0.34310582280158997,
            0.4709838926792145,
            0.4626299738883972,
            0.4747889041900635,
            0.41687431931495667,
            0.3213677406311035,
            0.2796456217765808,
            0.24146457016468048,
            0.2491525411605835,
            0.2071700543165207,
            0.22909322381019592,
            0.2625364065170288,
            0.26673153042793274,
            0.23389475047588348
          ],
          [
            0.2021290510892868,
            0.21063232421875,
            0.23511552810668945,
            0.24938881397247314,
            0.2798823416233063,
            0.41526347398757935,
            0.6424673199653625,
            1.0,
            0.44919243454933167,
            0.38083553314208984,
            0.38673287630081177,
            0.4737068712711334,
            0.5318180322647095,
            0.5328327417373657,
            0.493716299533844,
            0.4247836172580719,
            0.36248764395713806,
            0.29621177911758423,
            0.2849317491054535,
            0.23578199744224548,
            0.22630611062049866,
            0.24368076026439667,
            0.23479922115802765,
            0.20833799242973328
          ],
          [
            0.23962144553661346,
            0.2718624472618103,
            0.2871599793434143,
            0.3243274688720703,
            0.35866981744766235,
            0.4444669783115387,
            0.39188724756240845,
            0.44919243454933167,
            1.0,
            0.6844654083251953,
            0.581940233707428,
            0.4540554881095886,
            0.41434377431869507,
            0.3581021726131439,
            0.3486654460430145,
            0.31934988498687744,
            0.2609045207500458,
            0.25890836119651794,
            0.28240153193473816,
            0.27590277791023254,
            0.2826015055179596,
            0.3074634373188019,
            0.32356682419776917,
            0.33444735407829285
          ],
          [
            0.21780648827552795,
            0.27285417914390564,
            0.2835725247859955,
            0.3012750446796417,
            0.3693418800830841,
            0.44357237219810486,
            0.3627198338508606,
            0.38083553314208984,
            0.6844654083251953,
            1.0,
            0.8191644549369812,
            0.534322202205658,
            0.5028618574142456,
            0.405783474445343,
            0.3599129915237427,
            0.32118940353393555,
            0.2632119953632355,
            0.24504320323467255,
            0.28223997354507446,
            0.29105567932128906,
            0.33367064595222473,
            0.3084065616130829,
            0.3409845530986786,
            0.3450363278388977
          ],
          [
            0.18142040073871613,
            0.23344984650611877,
            0.2535834312438965,
            0.27715083956718445,
            0.3335055708885193,
            0.43584030866622925,
            0.34310582280158997,
            0.38673287630081177,
            0.581940233707428,
            0.8191644549369812,
            1.0,
            0.6322998404502869,
            0.5544191002845764,
            0.4564972519874573,
            0.40235280990600586,
            0.3626953065395355,
            0.30369994044303894,
            0.2786005437374115,
            0.311079204082489,
            0.29368987679481506,
            0.3271228075027466,
            0.3102150559425354,
            0.31144410371780396,
            0.3069611191749573
          ],
          [
            0.21778567135334015,
            0.2668921649456024,
            0.2706541121006012,
            0.2823862135410309,
            0.2874348759651184,
            0.35814937949180603,
            0.4709838926792145,
            0.4737068712711334,
            0.4540554881095886,
            0.534322202205658,
            0.6322998404502869,
            1.0,
            0.8360939025878906,
            0.6880084872245789,
            0.49951010942459106,
            0.4214453101158142,
            0.3132489323616028,
            0.29800063371658325,
            0.2945669889450073,
            0.28364256024360657,
            0.2824840247631073,
            0.2808595895767212,
            0.29180529713630676,
            0.285332053899765
          ],
          [
            0.20466077327728271,
            0.22416797280311584,
            0.2625364363193512,
            0.2842373251914978,
            0.3011927604675293,
            0.3770311772823334,
            0.4626299738883972,
            0.5318180322647095,
            0.41434377431869507,
            0.5028618574142456,
            0.5544191002845764,
            0.8360939025878906,
            1.0,
            0.8075355291366577,
            0.6077224612236023,
            0.4970719814300537,
            0.3542757034301758,
            0.31918424367904663,
            0.2969510555267334,
            0.3026512861251831,
            0.284585177898407,
            0.3183939456939697,
            0.29164209961891174,
            0.29601314663887024
          ],
          [
            0.19465968012809753,
            0.1720844954252243,
            0.18782220780849457,
            0.21334126591682434,
            0.2508604824542999,
            0.33022981882095337,
            0.4747889041900635,
            0.5328327417373657,
            0.3581021726131439,
            0.405783474445343,
            0.4564972519874573,
            0.6880084872245789,
            0.8075355291366577,
            1.0,
            0.7484877705574036,
            0.5400190353393555,
            0.45127710700035095,
            0.3657534718513489,
            0.37098124623298645,
            0.29805243015289307,
            0.2781234383583069,
            0.2768127918243408,
            0.22762766480445862,
            0.25333136320114136
          ],
          [
            0.1849081963300705,
            0.18797403573989868,
            0.22001707553863525,
            0.20609645545482635,
            0.2223769873380661,
            0.29971301555633545,
            0.41687431931495667,
            0.493716299533844,
            0.3486654460430145,
            0.3599129915237427,
            0.40235280990600586,
            0.49951010942459106,
            0.6077224612236023,
            0.7484877705574036,
            1.0,
            0.6532559394836426,
            0.6119155883789062,
            0.5220235586166382,
            0.41084617376327515,
            0.359383761882782,
            0.27953413128852844,
            0.29256948828697205,
            0.24743112921714783,
            0.2727452218532562
          ],
          [
            0.1899179220199585,
            0.19180931150913239,
            0.23563961684703827,
            0.19979065656661987,
            0.26411595940589905,
            0.3258184790611267,
            0.3213677406311035,
            0.4247836172580719,
            0.31934988498687744,
            0.32118940353393555,
            0.3626953065395355,
            0.4214453101158142,
            0.4970719814300537,
            0.5400190353393555,
            0.6532559394836426,
            1.0,
            0.7237102389335632,
            0.6724292635917664,
            0.578764796257019,
            0.4337712228298187,
            0.35982459783554077,
            0.3460550010204315,
            0.28185540437698364,
            0.3093506693840027
          ],
          [
            0.19523265957832336,
            0.2251712530851364,
            0.24880333244800568,
            0.23102347552776337,
            0.2635582983493805,
            0.28262683749198914,
            0.2796456217765808,
            0.36248764395713806,
            0.2609045207500458,
            0.2632119953632355,
            0.30369994044303894,
            0.3132489323616028,
            0.3542757034301758,
            0.45127710700035095,
            0.6119155883789062,
            0.7237102389335632,
            1.0,
            0.7112560272216797,
            0.6079944968223572,
            0.4640764594078064,
            0.3996801972389221,
            0.3865908086299896,
            0.315716415643692,
            0.3473513722419739
          ],
          [
            0.2090463936328888,
            0.20084473490715027,
            0.22896523773670197,
            0.1946912705898285,
            0.2104864865541458,
            0.24604418873786926,
            0.24146457016468048,
            0.29621177911758423,
            0.25890836119651794,
            0.24504320323467255,
            0.2786005437374115,
            0.29800063371658325,
            0.31918424367904663,
            0.3657534718513489,
            0.5220235586166382,
            0.6724292635917664,
            0.7112560272216797,
            1.0,
            0.7635054588317871,
            0.5695290565490723,
            0.48206648230552673,
            0.4288974702358246,
            0.3773784041404724,
            0.396304190158844
          ],
          [
            0.1821029782295227,
            0.17755082249641418,
            0.20473897457122803,
            0.19773106276988983,
            0.2188304364681244,
            0.24512605369091034,
            0.2491525411605835,
            0.2849317491054535,
            0.28240153193473816,
            0.28223997354507446,
            0.311079204082489,
            0.2945669889450073,
            0.2969510555267334,
            0.37098124623298645,
            0.41084617376327515,
            0.578764796257019,
            0.6079944968223572,
            0.7635054588317871,
            1.0,
            0.7298188209533691,
            0.5414638519287109,
            0.4479850232601166,
            0.3729228973388672,
            0.3492451608181
          ],
          [
            0.20591013133525848,
            0.20003625750541687,
            0.2229149341583252,
            0.20151014626026154,
            0.2011518031358719,
            0.24028801918029785,
            0.2071700543165207,
            0.23578199744224548,
            0.27590277791023254,
            0.29105567932128906,
            0.29368987679481506,
            0.28364256024360657,
            0.3026512861251831,
            0.29805243015289307,
            0.359383761882782,
            0.4337712228298187,
            0.4640764594078064,
            0.5695290565490723,
            0.7298188209533691,
            1.0,
            0.6035270094871521,
            0.540458619594574,
            0.41310253739356995,
            0.3691558539867401
          ],
          [
            0.24317875504493713,
            0.2666177451610565,
            0.29958516359329224,
            0.3128092885017395,
            0.2893528342247009,
            0.2877083420753479,
            0.22909322381019592,
            0.22630611062049866,
            0.2826015055179596,
            0.33367064595222473,
            0.3271228075027466,
            0.2824840247631073,
            0.284585177898407,
            0.2781234383583069,
            0.27953413128852844,
            0.35982459783554077,
            0.3996801972389221,
            0.48206648230552673,
            0.5414638519287109,
            0.6035270094871521,
            1.0,
            0.7712386846542358,
            0.587623655796051,
            0.452719509601593
          ],
          [
            0.2651135325431824,
            0.3156251609325409,
            0.33009323477745056,
            0.32995566725730896,
            0.3002844750881195,
            0.29998889565467834,
            0.2625364065170288,
            0.24368076026439667,
            0.3074634373188019,
            0.3084065616130829,
            0.3102150559425354,
            0.2808595895767212,
            0.3183939456939697,
            0.2768127918243408,
            0.29256948828697205,
            0.3460550010204315,
            0.3865908086299896,
            0.4288974702358246,
            0.4479850232601166,
            0.540458619594574,
            0.7712386846542358,
            1.0,
            0.7828173637390137,
            0.6285622119903564
          ],
          [
            0.28732365369796753,
            0.3159741461277008,
            0.30713140964508057,
            0.2867598533630371,
            0.3067396581172943,
            0.270847886800766,
            0.26673153042793274,
            0.23479922115802765,
            0.32356682419776917,
            0.3409845530986786,
            0.31144410371780396,
            0.29180529713630676,
            0.29164209961891174,
            0.22762766480445862,
            0.24743112921714783,
            0.28185540437698364,
            0.315716415643692,
            0.3773784041404724,
            0.3729228973388672,
            0.41310253739356995,
            0.587623655796051,
            0.7828173637390137,
            1.0,
            0.7376245260238647
          ],
          [
            0.341669499874115,
            0.36021482944488525,
            0.3632797598838806,
            0.33083921670913696,
            0.3352363109588623,
            0.29948604106903076,
            0.23389475047588348,
            0.20833799242973328,
            0.33444735407829285,
            0.3450363278388977,
            0.3069611191749573,
            0.285332053899765,
            0.29601314663887024,
            0.25333136320114136,
            0.2727452218532562,
            0.3093506693840027,
            0.3473513722419739,
            0.396304190158844,
            0.3492451608181,
            0.3691558539867401,
            0.452719509601593,
            0.6285622119903564,
            0.7376245260238647,
            1.0
          ]
        ],
        "VV": [
          [
            1.0,
            0.6834641695022583,
            0.48350849747657776,
            0.40540605783462524,
            0.3951525092124939,
            0.357948362827301,
            0.354549765586853,
            0.301596462726593,
            0.2564601004123688,
            0.20442207157611847,
            0.1811399757862091,
            0.13100014626979828,
            0.10935813188552856,
            0.09970547258853912,
            0.1410820186138153,
            0.17226611077785492,
            0.15062405169010162,
            0.15380163490772247,
            0.14777913689613342,
            0.1584983766078949,
            0.16601234674453735,
            0.17132660746574402,
            0.15561941266059875,
            0.15903137624263763
          ],
          [
            0.6834641695022583,
            1.0,
            0.7084618806838989,
            0.5792165398597717,
            0.46975842118263245,
            0.413534939289093,
            0.3730235993862152,
            0.35687360167503357,
            0.325112521648407,
            0.2705729901790619,
            0.2174527645111084,
            0.20056581497192383,
            0.18181775510311127,
            0.166899636387825,
            0.19825492799282074,
            0.18506206572055817,
            0.19915959239006042,
            0.1769053041934967,
            0.17347632348537445,
            0.17155013978481293,
            0.1725200116634369,
            0.18131332099437714,
            0.1789243519306183,
            0.20323805510997772
          ],
          [
            0.48350849747657776,
